     1   19                        -0.0625
     2   19                         0.0625
     3   19                         0.0625
     4   19                        -0.0625
     2   20                        -0.0625
     3   20                        -0.0625
     5   20                         0.0625
     8   20                         0.0625
     5   21                        -0.0625
     6   21                         0.0625
     7   21                         0.0625
     8   21                        -0.0625
     6   22                        -0.0625
     7   22                        -0.0625
     9   22                         0.0625
    12   22                         0.0625
     9   23                        -0.0625
    10   23                         0.0625
    11   23                         0.0625
    12   23                        -0.0625
    10   24                        -0.0625
    11   24                        -0.0625
    13   24                         0.0625
    16   24                         0.0625
    13   25                        -0.0625
    14   25                         0.0625
    15   25                         0.0625
    16   25                        -0.0625
    14   26                        -0.0625
    15   26                        -0.0625
    17   26                         0.0625
    20   26                         0.0625
    17   27                        -0.0625
    18   27                         0.0625
    19   27                         0.0625
    20   27                        -0.0625
    18   28                        -0.0625
    19   28                        -0.0625
    21   28                         0.0625
    24   28                         0.0625
    21   29                        -0.0625
    22   29                         0.0625
    23   29                         0.0625
    24   29                        -0.0625
    22   30                        -0.0625
    23   30                        -0.0625
    25   30                         0.0625
    28   30                         0.0625
    25   31                        -0.0625
    26   31                         0.0625
    27   31                         0.0625
    28   31                        -0.0625
    26   32                        -0.0625
    27   32                        -0.0625
    29   32                         0.0625
    32   32                         0.0625
    29   33                        -0.0625
    30   33                         0.0625
    31   33                         0.0625
    32   33                        -0.0625
     3   36                         0.0625
     4   36                        -0.0625
    33   36            -0.0624999999999999
    34   36             0.0624999999999999
     3   37                        -0.0625
     8   37                         0.0625
    34   37            -0.0624999999999999
    37   37             0.0624999999999999
     7   38                         0.0625
     8   38                        -0.0625
    37   38            -0.0624999999999999
    38   38             0.0624999999999999
     7   39                        -0.0625
    12   39                         0.0625
    38   39            -0.0624999999999999
    41   39             0.0624999999999999
    11   40                         0.0625
    12   40                        -0.0625
    41   40            -0.0624999999999999
    42   40             0.0624999999999999
    11   41                        -0.0625
    16   41                         0.0625
    42   41            -0.0624999999999999
    45   41             0.0624999999999999
    15   42                         0.0625
    16   42                        -0.0625
    45   42            -0.0624999999999999
    46   42             0.0624999999999999
    15   43                        -0.0625
    20   43                         0.0625
    46   43            -0.0624999999999999
    49   43             0.0624999999999999
    19   44                         0.0625
    20   44                        -0.0625
    49   44            -0.0624999999999999
    50   44             0.0624999999999999
    19   45                        -0.0625
    24   45                         0.0625
    50   45            -0.0624999999999999
    53   45             0.0624999999999999
    23   46                         0.0625
    24   46                        -0.0625
    53   46            -0.0624999999999999
    54   46             0.0624999999999999
    23   47                        -0.0625
    28   47                         0.0625
    54   47            -0.0624999999999999
    57   47             0.0624999999999999
    27   48                         0.0625
    28   48                        -0.0625
    57   48            -0.0624999999999999
    58   48             0.0624999999999999
    27   49                        -0.0625
    32   49                         0.0625
    58   49            -0.0624999999999999
    61   49             0.0624999999999999
    31   50                         0.0625
    32   50                        -0.0625
    61   50            -0.0624999999999999
    62   50             0.0624999999999999
    33   53            -0.0624999999999999
    34   53             0.0624999999999999
    35   53                         0.0625
    36   53                        -0.0625
    34   54            -0.0624999999999999
    35   54                        -0.0625
    37   54             0.0624999999999999
    40   54                         0.0625
    37   55            -0.0624999999999999
    38   55             0.0624999999999999
    39   55                         0.0625
    40   55                        -0.0625
    38   56            -0.0624999999999999
    39   56                        -0.0625
    41   56             0.0624999999999999
    44   56                         0.0625
    41   57            -0.0624999999999999
    42   57             0.0624999999999999
    43   57                         0.0625
    44   57                        -0.0625
    42   58            -0.0624999999999999
    43   58                        -0.0625
    45   58             0.0624999999999999
    48   58                         0.0625
    45   59            -0.0624999999999999
    46   59             0.0624999999999999
    47   59                         0.0625
    48   59                        -0.0625
    46   60            -0.0624999999999999
    47   60                        -0.0625
    49   60             0.0624999999999999
    52   60                         0.0625
    49   61            -0.0624999999999999
    50   61             0.0624999999999999
    51   61                         0.0625
    52   61                        -0.0625
    50   62            -0.0624999999999999
    51   62                        -0.0625
    53   62             0.0624999999999999
    56   62                         0.0625
    53   63            -0.0624999999999999
    54   63             0.0624999999999999
    55   63                         0.0625
    56   63                        -0.0625
    54   64            -0.0624999999999999
    55   64                        -0.0625
    57   64             0.0624999999999999
    60   64                         0.0625
    57   65            -0.0624999999999999
    58   65             0.0624999999999999
    59   65                         0.0625
    60   65                        -0.0625
    58   66            -0.0624999999999999
    59   66                        -0.0625
    61   66             0.0624999999999999
    64   66                         0.0625
    61   67            -0.0624999999999999
    62   67             0.0624999999999999
    63   67                         0.0625
    64   67                        -0.0625
    35   70                         0.0625
    36   70                        -0.0625
    65   70                        -0.0625
    66   70                         0.0625
    35   71                        -0.0625
    40   71                         0.0625
    66   71                        -0.0625
    69   71                         0.0625
    39   72                         0.0625
    40   72                        -0.0625
    69   72                        -0.0625
    70   72                         0.0625
    39   73                        -0.0625
    44   73                         0.0625
    70   73                        -0.0625
    73   73                         0.0625
    43   74                         0.0625
    44   74                        -0.0625
    73   74                        -0.0625
    74   74                         0.0625
    43   75                        -0.0625
    48   75                         0.0625
    74   75                        -0.0625
    77   75                         0.0625
    47   76                         0.0625
    48   76                        -0.0625
    77   76                        -0.0625
    78   76                         0.0625
    47   77                        -0.0625
    52   77                         0.0625
    78   77                        -0.0625
    81   77                         0.0625
    51   78                         0.0625
    52   78                        -0.0625
    81   78                        -0.0625
    82   78                         0.0625
    51   79                        -0.0625
    56   79                         0.0625
    82   79                        -0.0625
    85   79                         0.0625
    55   80                         0.0625
    56   80                        -0.0625
    85   80                        -0.0625
    86   80                         0.0625
    55   81                        -0.0625
    60   81                         0.0625
    86   81                        -0.0625
    89   81                         0.0625
    59   82                         0.0625
    60   82                        -0.0625
    89   82                        -0.0625
    90   82                         0.0625
    59   83                        -0.0625
    64   83                         0.0625
    90   83                        -0.0625
    93   83                         0.0625
    63   84                         0.0625
    64   84                        -0.0625
    93   84                        -0.0625
    94   84                         0.0625
    65   87                        -0.0625
    66   87                         0.0625
    67   87                         0.0625
    68   87                        -0.0625
    66   88                        -0.0625
    67   88                        -0.0625
    69   88                         0.0625
    72   88                         0.0625
    69   89                        -0.0625
    70   89                         0.0625
    71   89                         0.0625
    72   89                        -0.0625
    70   90                        -0.0625
    71   90                        -0.0625
    73   90                         0.0625
    76   90                         0.0625
    73   91                        -0.0625
    74   91                         0.0625
    75   91                         0.0625
    76   91                        -0.0625
    74   92                        -0.0625
    75   92                        -0.0625
    77   92                         0.0625
    80   92                         0.0625
    77   93                        -0.0625
    78   93                         0.0625
    79   93                         0.0625
    80   93                        -0.0625
    78   94                        -0.0625
    79   94                        -0.0625
    81   94                         0.0625
    84   94                         0.0625
    81   95                        -0.0625
    82   95                         0.0625
    83   95                         0.0625
    84   95                        -0.0625
    82   96                        -0.0625
    83   96                        -0.0625
    85   96                         0.0625
    88   96                         0.0625
    85   97                        -0.0625
    86   97                         0.0625
    87   97                         0.0625
    88   97                        -0.0625
    86   98                        -0.0625
    87   98                        -0.0625
    89   98                         0.0625
    92   98                         0.0625
    89   99                        -0.0625
    90   99                         0.0625
    91   99                         0.0625
    92   99                        -0.0625
    90   100                       -0.0625
    91   100                       -0.0625
    93   100                        0.0625
    96   100                        0.0625
    93   101                       -0.0625
    94   101                        0.0625
    95   101                        0.0625
    96   101                       -0.0625
    67   104                        0.0625
    68   104                       -0.0625
    97   104                       -0.0625
    98   104                        0.0625
    67   105                       -0.0625
    72   105                        0.0625
    98   105                       -0.0625
   101   105                        0.0625
    71   106                        0.0625
    72   106                       -0.0625
   101   106                       -0.0625
   102   106                        0.0625
    71   107                       -0.0625
    76   107                        0.0625
   102   107                       -0.0625
   105   107                        0.0625
    75   108                        0.0625
    76   108                       -0.0625
   105   108                       -0.0625
   106   108                        0.0625
    75   109                       -0.0625
    80   109                        0.0625
   106   109                       -0.0625
   109   109                        0.0625
    79   110                        0.0625
    80   110                       -0.0625
   109   110                       -0.0625
   110   110                        0.0625
    79   111                       -0.0625
    84   111                        0.0625
   110   111                       -0.0625
   113   111                        0.0625
    83   112                        0.0625
    84   112                       -0.0625
   113   112                       -0.0625
   114   112                        0.0625
    83   113                       -0.0625
    88   113                        0.0625
   114   113                       -0.0625
   117   113                        0.0625
    87   114                        0.0625
    88   114                       -0.0625
   117   114                       -0.0625
   118   114                        0.0625
    87   115                       -0.0625
    92   115                        0.0625
   118   115                       -0.0625
   121   115                        0.0625
    91   116                        0.0625
    92   116                       -0.0625
   121   116                       -0.0625
   122   116                        0.0625
    91   117                       -0.0625
    96   117                        0.0625
   122   117                       -0.0625
   125   117                        0.0625
    95   118                        0.0625
    96   118                       -0.0625
   125   118                       -0.0625
   126   118                        0.0625
    97   121                       -0.0625
    98   121                        0.0625
    99   121                        0.0625
   100   121                       -0.0625
    98   122                       -0.0625
    99   122                       -0.0625
   101   122                        0.0625
   104   122                        0.0625
   101   123                       -0.0625
   102   123                        0.0625
   103   123                        0.0625
   104   123                       -0.0625
   102   124                       -0.0625
   103   124                       -0.0625
   105   124                        0.0625
   108   124                        0.0625
   105   125                       -0.0625
   106   125                        0.0625
   107   125                        0.0625
   108   125                       -0.0625
   106   126                       -0.0625
   107   126                       -0.0625
   109   126                        0.0625
   112   126                        0.0625
   109   127                       -0.0625
   110   127                        0.0625
   111   127                        0.0625
   112   127                       -0.0625
   110   128                       -0.0625
   111   128                       -0.0625
   113   128                        0.0625
   116   128                        0.0625
   113   129                       -0.0625
   114   129                        0.0625
   115   129                        0.0625
   116   129                       -0.0625
   114   130                       -0.0625
   115   130                       -0.0625
   117   130                        0.0625
   120   130                        0.0625
   117   131                       -0.0625
   118   131                        0.0625
   119   131                        0.0625
   120   131                       -0.0625
   118   132                       -0.0625
   119   132                       -0.0625
   121   132                        0.0625
   124   132                        0.0625
   121   133                       -0.0625
   122   133                        0.0625
   123   133                        0.0625
   124   133                       -0.0625
   122   134                       -0.0625
   123   134                       -0.0625
   125   134                        0.0625
   128   134                        0.0625
   125   135                       -0.0625
   126   135                        0.0625
   127   135                        0.0625
   128   135                       -0.0625
    99   138                        0.0625
   100   138                       -0.0625
   129   138                       -0.0625
   130   138                        0.0625
    99   139                       -0.0625
   104   139                        0.0625
   130   139                       -0.0625
   133   139                        0.0625
   103   140                        0.0625
   104   140                       -0.0625
   133   140                       -0.0625
   134   140                        0.0625
   103   141                       -0.0625
   108   141                        0.0625
   134   141                       -0.0625
   137   141                        0.0625
   107   142                        0.0625
   108   142                       -0.0625
   137   142                       -0.0625
   138   142                        0.0625
   107   143                       -0.0625
   112   143                        0.0625
   138   143                       -0.0625
   141   143                        0.0625
   111   144                        0.0625
   112   144                       -0.0625
   141   144                       -0.0625
   142   144                        0.0625
   111   145                       -0.0625
   116   145                        0.0625
   142   145                       -0.0625
   145   145                        0.0625
   115   146                        0.0625
   116   146                       -0.0625
   145   146                       -0.0625
   146   146                        0.0625
   115   147                       -0.0625
   120   147                        0.0625
   146   147                       -0.0625
   149   147                        0.0625
   119   148                        0.0625
   120   148                       -0.0625
   149   148                       -0.0625
   150   148                        0.0625
   119   149                       -0.0625
   124   149                        0.0625
   150   149                       -0.0625
   153   149                        0.0625
   123   150                        0.0625
   124   150                       -0.0625
   153   150                       -0.0625
   154   150                        0.0625
   123   151                       -0.0625
   128   151                        0.0625
   154   151                       -0.0625
   157   151                        0.0625
   127   152                        0.0625
   128   152                       -0.0625
   157   152                       -0.0625
   158   152                        0.0625
   129   155                       -0.0625
   130   155                        0.0625
   131   155                        0.0625
   132   155                       -0.0625
   130   156                       -0.0625
   131   156                       -0.0625
   133   156                        0.0625
   136   156                        0.0625
   133   157                       -0.0625
   134   157                        0.0625
   135   157                        0.0625
   136   157                       -0.0625
   134   158                       -0.0625
   135   158                       -0.0625
   137   158                        0.0625
   140   158                        0.0625
   137   159                       -0.0625
   138   159                        0.0625
   139   159                        0.0625
   140   159                       -0.0625
   138   160                       -0.0625
   139   160                       -0.0625
   141   160                        0.0625
   144   160                        0.0625
   141   161                       -0.0625
   142   161                        0.0625
   143   161                        0.0625
   144   161                       -0.0625
   142   162                       -0.0625
   143   162                       -0.0625
   145   162                        0.0625
   148   162                        0.0625
   145   163                       -0.0625
   146   163                        0.0625
   147   163                        0.0625
   148   163                       -0.0625
   146   164                       -0.0625
   147   164                       -0.0625
   149   164                        0.0625
   152   164                        0.0625
   149   165                       -0.0625
   150   165                        0.0625
   151   165                        0.0625
   152   165                       -0.0625
   150   166                       -0.0625
   151   166                       -0.0625
   153   166                        0.0625
   156   166                        0.0625
   153   167                       -0.0625
   154   167                        0.0625
   155   167                        0.0625
   156   167                       -0.0625
   154   168                       -0.0625
   155   168                       -0.0625
   157   168                        0.0625
   160   168                        0.0625
   157   169                       -0.0625
   158   169                        0.0625
   159   169                        0.0625
   160   169                       -0.0625
   131   172                        0.0625
   132   172                       -0.0625
   161   172                       -0.0625
   162   172                        0.0625
   131   173                       -0.0625
   136   173                        0.0625
   162   173                       -0.0625
   165   173                        0.0625
   135   174                        0.0625
   136   174                       -0.0625
   165   174                       -0.0625
   166   174                        0.0625
   135   175                       -0.0625
   140   175                        0.0625
   166   175                       -0.0625
   169   175                        0.0625
   139   176                        0.0625
   140   176                       -0.0625
   169   176                       -0.0625
   170   176                        0.0625
   139   177                       -0.0625
   144   177                        0.0625
   170   177                       -0.0625
   173   177                        0.0625
   143   178                        0.0625
   144   178                       -0.0625
   173   178                       -0.0625
   174   178                        0.0625
   143   179                       -0.0625
   148   179                        0.0625
   174   179                       -0.0625
   177   179                        0.0625
   147   180                        0.0625
   148   180                       -0.0625
   177   180                       -0.0625
   178   180                        0.0625
   147   181                       -0.0625
   152   181                        0.0625
   178   181                       -0.0625
   181   181                        0.0625
   151   182                        0.0625
   152   182                       -0.0625
   181   182                       -0.0625
   182   182                        0.0625
   151   183                       -0.0625
   156   183                        0.0625
   182   183                       -0.0625
   185   183                        0.0625
   155   184                        0.0625
   156   184                       -0.0625
   185   184                       -0.0625
   186   184                        0.0625
   155   185                       -0.0625
   160   185                        0.0625
   186   185                       -0.0625
   189   185                        0.0625
   159   186                        0.0625
   160   186                       -0.0625
   189   186                       -0.0625
   190   186                        0.0625
   161   189                       -0.0625
   162   189                        0.0625
   163   189                        0.0625
   164   189                       -0.0625
   162   190                       -0.0625
   163   190                       -0.0625
   165   190                        0.0625
   168   190                        0.0625
   165   191                       -0.0625
   166   191                        0.0625
   167   191                        0.0625
   168   191                       -0.0625
   166   192                       -0.0625
   167   192                       -0.0625
   169   192                        0.0625
   172   192                        0.0625
   169   193                       -0.0625
   170   193                        0.0625
   171   193                        0.0625
   172   193                       -0.0625
   170   194                       -0.0625
   171   194                       -0.0625
   173   194                        0.0625
   176   194                        0.0625
   173   195                       -0.0625
   174   195                        0.0625
   175   195                        0.0625
   176   195                       -0.0625
   174   196                       -0.0625
   175   196                       -0.0625
   177   196                        0.0625
   180   196                        0.0625
   177   197                       -0.0625
   178   197                        0.0625
   179   197                        0.0625
   180   197                       -0.0625
   178   198                       -0.0625
   179   198                       -0.0625
   181   198                        0.0625
   184   198                        0.0625
   181   199                       -0.0625
   182   199                        0.0625
   183   199                        0.0625
   184   199                       -0.0625
   182   200                       -0.0625
   183   200                       -0.0625
   185   200                        0.0625
   188   200                        0.0625
   185   201                       -0.0625
   186   201                        0.0625
   187   201                        0.0625
   188   201                       -0.0625
   186   202                       -0.0625
   187   202                       -0.0625
   189   202                        0.0625
   192   202                        0.0625
   189   203                       -0.0625
   190   203                        0.0625
   191   203                        0.0625
   192   203                       -0.0625
   163   206                        0.0625
   164   206                       -0.0625
   193   206                       -0.0625
   194   206                        0.0625
   163   207                       -0.0625
   168   207                        0.0625
   194   207                       -0.0625
   197   207                        0.0625
   167   208                        0.0625
   168   208                       -0.0625
   197   208                       -0.0625
   198   208                        0.0625
   167   209                       -0.0625
   172   209                        0.0625
   198   209                       -0.0625
   201   209                        0.0625
   171   210                        0.0625
   172   210                       -0.0625
   201   210                       -0.0625
   202   210                        0.0625
   171   211                       -0.0625
   176   211                        0.0625
   202   211                       -0.0625
   205   211                        0.0625
   175   212                        0.0625
   176   212                       -0.0625
   205   212                       -0.0625
   206   212                        0.0625
   175   213                       -0.0625
   180   213                        0.0625
   206   213                       -0.0625
   209   213                        0.0625
   179   214                        0.0625
   180   214                       -0.0625
   209   214                       -0.0625
   210   214                        0.0625
   179   215                       -0.0625
   184   215                        0.0625
   210   215                       -0.0625
   213   215                        0.0625
   183   216                        0.0625
   184   216                       -0.0625
   213   216                       -0.0625
   214   216                        0.0625
   183   217                       -0.0625
   188   217                        0.0625
   214   217                       -0.0625
   217   217                        0.0625
   187   218                        0.0625
   188   218                       -0.0625
   217   218                       -0.0625
   218   218                        0.0625
   187   219                       -0.0625
   192   219                        0.0625
   218   219                       -0.0625
   221   219                        0.0625
   191   220                        0.0625
   192   220                       -0.0625
   221   220                       -0.0625
   222   220                        0.0625
   193   223                       -0.0625
   194   223                        0.0625
   195   223            0.0624999999999999
   196   223           -0.0624999999999999
   194   224                       -0.0625
   195   224           -0.0624999999999999
   197   224                        0.0625
   200   224            0.0624999999999999
   197   225                       -0.0625
   198   225                        0.0625
   199   225            0.0624999999999999
   200   225           -0.0624999999999999
   198   226                       -0.0625
   199   226           -0.0624999999999999
   201   226                        0.0625
   204   226            0.0624999999999999
   201   227                       -0.0625
   202   227                        0.0625
   203   227            0.0624999999999999
   204   227           -0.0624999999999999
   202   228                       -0.0625
   203   228           -0.0624999999999999
   205   228                        0.0625
   208   228            0.0624999999999999
   205   229                       -0.0625
   206   229                        0.0625
   207   229            0.0624999999999999
   208   229           -0.0624999999999999
   206   230                       -0.0625
   207   230           -0.0624999999999999
   209   230                        0.0625
   212   230            0.0624999999999999
   209   231                       -0.0625
   210   231                        0.0625
   211   231            0.0624999999999999
   212   231           -0.0624999999999999
   210   232                       -0.0625
   211   232           -0.0624999999999999
   213   232                        0.0625
   216   232            0.0624999999999999
   213   233                       -0.0625
   214   233                        0.0625
   215   233            0.0624999999999999
   216   233           -0.0624999999999999
   214   234                       -0.0625
   215   234           -0.0624999999999999
   217   234                        0.0625
   220   234            0.0624999999999999
   217   235                       -0.0625
   218   235                        0.0625
   219   235            0.0624999999999999
   220   235           -0.0624999999999999
   218   236                       -0.0625
   219   236           -0.0624999999999999
   221   236                        0.0625
   224   236            0.0624999999999999
   221   237                       -0.0625
   222   237                        0.0625
   223   237            0.0624999999999999
   224   237           -0.0624999999999999
   195   240            0.0624999999999999
   196   240           -0.0624999999999999
   225   240                       -0.0625
   226   240                        0.0625
   195   241           -0.0624999999999999
   200   241            0.0624999999999999
   226   241                       -0.0625
   229   241                        0.0625
   199   242            0.0624999999999999
   200   242           -0.0624999999999999
   229   242                       -0.0625
   230   242                        0.0625
   199   243           -0.0624999999999999
   204   243            0.0624999999999999
   230   243                       -0.0625
   233   243                        0.0625
   203   244            0.0624999999999999
   204   244           -0.0624999999999999
   233   244                       -0.0625
   234   244                        0.0625
   203   245           -0.0624999999999999
   208   245            0.0624999999999999
   234   245                       -0.0625
   237   245                        0.0625
   207   246            0.0624999999999999
   208   246           -0.0624999999999999
   237   246                       -0.0625
   238   246                        0.0625
   207   247           -0.0624999999999999
   212   247            0.0624999999999999
   238   247                       -0.0625
   241   247                        0.0625
   211   248            0.0624999999999999
   212   248           -0.0624999999999999
   241   248                       -0.0625
   242   248                        0.0625
   211   249           -0.0624999999999999
   216   249            0.0624999999999999
   242   249                       -0.0625
   245   249                        0.0625
   215   250            0.0624999999999999
   216   250           -0.0624999999999999
   245   250                       -0.0625
   246   250                        0.0625
   215   251           -0.0624999999999999
   220   251            0.0624999999999999
   246   251                       -0.0625
   249   251                        0.0625
   219   252            0.0624999999999999
   220   252           -0.0624999999999999
   249   252                       -0.0625
   250   252                        0.0625
   219   253           -0.0624999999999999
   224   253            0.0624999999999999
   250   253                       -0.0625
   253   253                        0.0625
   223   254            0.0624999999999999
   224   254           -0.0624999999999999
   253   254                       -0.0625
   254   254                        0.0625
   225   257                       -0.0625
   226   257                        0.0625
   227   257                        0.0625
   228   257                       -0.0625
   226   258                       -0.0625
   227   258                       -0.0625
   229   258                        0.0625
   232   258                        0.0625
   229   259                       -0.0625
   230   259                        0.0625
   231   259                        0.0625
   232   259                       -0.0625
   230   260                       -0.0625
   231   260                       -0.0625
   233   260                        0.0625
   236   260                        0.0625
   233   261                       -0.0625
   234   261                        0.0625
   235   261                        0.0625
   236   261                       -0.0625
   234   262                       -0.0625
   235   262                       -0.0625
   237   262                        0.0625
   240   262                        0.0625
   237   263                       -0.0625
   238   263                        0.0625
   239   263                        0.0625
   240   263                       -0.0625
   238   264                       -0.0625
   239   264                       -0.0625
   241   264                        0.0625
   244   264                        0.0625
   241   265                       -0.0625
   242   265                        0.0625
   243   265                        0.0625
   244   265                       -0.0625
   242   266                       -0.0625
   243   266                       -0.0625
   245   266                        0.0625
   248   266                        0.0625
   245   267                       -0.0625
   246   267                        0.0625
   247   267                        0.0625
   248   267                       -0.0625
   246   268                       -0.0625
   247   268                       -0.0625
   249   268                        0.0625
   252   268                        0.0625
   249   269                       -0.0625
   250   269                        0.0625
   251   269                        0.0625
   252   269                       -0.0625
   250   270                       -0.0625
   251   270                       -0.0625
   253   270                        0.0625
   256   270                        0.0625
   253   271                       -0.0625
   254   271                        0.0625
   255   271                        0.0625
   256   271                       -0.0625
     1   308                       -0.0625
     2   308                       -0.0625
     3   308                        0.0625
     4   308                        0.0625
     2   309                       -0.0625
     3   309                        0.0625
     5   309           -0.0624999999999999
     8   309            0.0624999999999999
     5   310           -0.0624999999999999
     6   310                       -0.0625
     7   310                        0.0625
     8   310            0.0624999999999999
     6   311                       -0.0625
     7   311                        0.0625
     9   311                       -0.0625
    12   311                        0.0625
     9   312                       -0.0625
    10   312                       -0.0625
    11   312                        0.0625
    12   312                        0.0625
    10   313                       -0.0625
    11   313                        0.0625
    13   313                       -0.0625
    16   313                        0.0625
    13   314                       -0.0625
    14   314                       -0.0625
    15   314                        0.0625
    16   314                        0.0625
    14   315                       -0.0625
    15   315                        0.0625
    17   315                       -0.0625
    20   315                        0.0625
    17   316                       -0.0625
    18   316                       -0.0625
    19   316                        0.0625
    20   316                        0.0625
    18   317                       -0.0625
    19   317                        0.0625
    21   317                       -0.0625
    24   317                        0.0625
    21   318                       -0.0625
    22   318                       -0.0625
    23   318                        0.0625
    24   318                        0.0625
    22   319                       -0.0625
    23   319                        0.0625
    25   319                       -0.0625
    28   319                        0.0625
    25   320                       -0.0625
    26   320           -0.0624999999999999
    27   320            0.0624999999999999
    28   320                        0.0625
    26   321           -0.0624999999999999
    27   321            0.0624999999999999
    29   321                       -0.0625
    32   321                        0.0625
    29   322                       -0.0625
    30   322                       -0.0625
    31   322                        0.0625
    32   322                        0.0625
     3   325                       -0.0625
     4   325                       -0.0625
    33   325                        0.0625
    34   325                        0.0625
     3   326                       -0.0625
     8   326           -0.0624999999999999
    34   326                        0.0625
    37   326            0.0624999999999999
     7   327                       -0.0625
     8   327           -0.0624999999999999
    37   327            0.0624999999999999
    38   327                        0.0625
     7   328                       -0.0625
    12   328                       -0.0625
    38   328                        0.0625
    41   328                        0.0625
    11   329                       -0.0625
    12   329                       -0.0625
    41   329                        0.0625
    42   329                        0.0625
    11   330                       -0.0625
    16   330                       -0.0625
    42   330                        0.0625
    45   330                        0.0625
    15   331                       -0.0625
    16   331                       -0.0625
    45   331                        0.0625
    46   331                        0.0625
    15   332                       -0.0625
    20   332                       -0.0625
    46   332                        0.0625
    49   332                        0.0625
    19   333                       -0.0625
    20   333                       -0.0625
    49   333                        0.0625
    50   333                        0.0625
    19   334                       -0.0625
    24   334                       -0.0625
    50   334                        0.0625
    53   334                        0.0625
    23   335                       -0.0625
    24   335                       -0.0625
    53   335                        0.0625
    54   335                        0.0625
    23   336                       -0.0625
    28   336                       -0.0625
    54   336                        0.0625
    57   336                        0.0625
    27   337           -0.0624999999999999
    28   337                       -0.0625
    57   337                        0.0625
    58   337            0.0624999999999999
    27   338           -0.0624999999999999
    32   338                       -0.0625
    58   338            0.0624999999999999
    61   338                        0.0625
    31   339                       -0.0625
    32   339                       -0.0625
    61   339                        0.0625
    62   339                        0.0625
    33   342                       -0.0625
    34   342                       -0.0625
    35   342                        0.0625
    36   342                        0.0625
    34   343                       -0.0625
    35   343                        0.0625
    37   343           -0.0624999999999999
    40   343            0.0624999999999999
    37   344           -0.0624999999999999
    38   344                       -0.0625
    39   344                        0.0625
    40   344            0.0624999999999999
    38   345                       -0.0625
    39   345                        0.0625
    41   345                       -0.0625
    44   345                        0.0625
    41   346                       -0.0625
    42   346                       -0.0625
    43   346                        0.0625
    44   346                        0.0625
    42   347                       -0.0625
    43   347                        0.0625
    45   347                       -0.0625
    48   347                        0.0625
    45   348                       -0.0625
    46   348                       -0.0625
    47   348                        0.0625
    48   348                        0.0625
    46   349                       -0.0625
    47   349                        0.0625
    49   349                       -0.0625
    52   349                        0.0625
    49   350                       -0.0625
    50   350                       -0.0625
    51   350                        0.0625
    52   350                        0.0625
    50   351                       -0.0625
    51   351                        0.0625
    53   351                       -0.0625
    56   351                        0.0625
    53   352                       -0.0625
    54   352                       -0.0625
    55   352                        0.0625
    56   352                        0.0625
    54   353                       -0.0625
    55   353                        0.0625
    57   353                       -0.0625
    60   353                        0.0625
    57   354                       -0.0625
    58   354           -0.0624999999999999
    59   354            0.0624999999999999
    60   354                        0.0625
    58   355           -0.0624999999999999
    59   355            0.0624999999999999
    61   355                       -0.0625
    64   355                        0.0625
    61   356                       -0.0625
    62   356                       -0.0625
    63   356                        0.0625
    64   356                        0.0625
    35   359                       -0.0625
    36   359                       -0.0625
    65   359                        0.0625
    66   359                        0.0625
    35   360                       -0.0625
    40   360           -0.0624999999999999
    66   360                        0.0625
    69   360            0.0624999999999999
    39   361                       -0.0625
    40   361           -0.0624999999999999
    69   361            0.0624999999999999
    70   361                        0.0625
    39   362                       -0.0625
    44   362                       -0.0625
    70   362                        0.0625
    73   362                        0.0625
    43   363                       -0.0625
    44   363                       -0.0625
    73   363                        0.0625
    74   363                        0.0625
    43   364                       -0.0625
    48   364                       -0.0625
    74   364                        0.0625
    77   364                        0.0625
    47   365                       -0.0625
    48   365                       -0.0625
    77   365                        0.0625
    78   365                        0.0625
    47   366                       -0.0625
    52   366                       -0.0625
    78   366                        0.0625
    81   366                        0.0625
    51   367                       -0.0625
    52   367                       -0.0625
    81   367                        0.0625
    82   367                        0.0625
    51   368                       -0.0625
    56   368                       -0.0625
    82   368                        0.0625
    85   368                        0.0625
    55   369                       -0.0625
    56   369                       -0.0625
    85   369                        0.0625
    86   369                        0.0625
    55   370                       -0.0625
    60   370                       -0.0625
    86   370                        0.0625
    89   370                        0.0625
    59   371           -0.0624999999999999
    60   371                       -0.0625
    89   371                        0.0625
    90   371            0.0624999999999999
    59   372           -0.0624999999999999
    64   372                       -0.0625
    90   372            0.0624999999999999
    93   372                        0.0625
    63   373                       -0.0625
    64   373                       -0.0625
    93   373                        0.0625
    94   373                        0.0625
    65   376                       -0.0625
    66   376                       -0.0625
    67   376                        0.0625
    68   376                        0.0625
    66   377                       -0.0625
    67   377                        0.0625
    69   377           -0.0624999999999999
    72   377            0.0624999999999999
    69   378           -0.0624999999999999
    70   378                       -0.0625
    71   378                        0.0625
    72   378            0.0624999999999999
    70   379                       -0.0625
    71   379                        0.0625
    73   379                       -0.0625
    76   379                        0.0625
    73   380                       -0.0625
    74   380                       -0.0625
    75   380                        0.0625
    76   380                        0.0625
    74   381                       -0.0625
    75   381                        0.0625
    77   381                       -0.0625
    80   381                        0.0625
    77   382                       -0.0625
    78   382                       -0.0625
    79   382                        0.0625
    80   382                        0.0625
    78   383                       -0.0625
    79   383                        0.0625
    81   383                       -0.0625
    84   383                        0.0625
    81   384                       -0.0625
    82   384                       -0.0625
    83   384                        0.0625
    84   384                        0.0625
    82   385                       -0.0625
    83   385                        0.0625
    85   385                       -0.0625
    88   385                        0.0625
    85   386                       -0.0625
    86   386                       -0.0625
    87   386                        0.0625
    88   386                        0.0625
    86   387                       -0.0625
    87   387                        0.0625
    89   387                       -0.0625
    92   387                        0.0625
    89   388                       -0.0625
    90   388           -0.0624999999999999
    91   388            0.0624999999999999
    92   388                        0.0625
    90   389           -0.0624999999999999
    91   389            0.0624999999999999
    93   389                       -0.0625
    96   389                        0.0625
    93   390                       -0.0625
    94   390                       -0.0625
    95   390                        0.0625
    96   390                        0.0625
    67   393                       -0.0625
    68   393                       -0.0625
    97   393                        0.0625
    98   393                        0.0625
    67   394                       -0.0625
    72   394           -0.0624999999999999
    98   394                        0.0625
   101   394            0.0624999999999999
    71   395                       -0.0625
    72   395           -0.0624999999999999
   101   395            0.0624999999999999
   102   395                        0.0625
    71   396                       -0.0625
    76   396                       -0.0625
   102   396                        0.0625
   105   396                        0.0625
    75   397                       -0.0625
    76   397                       -0.0625
   105   397                        0.0625
   106   397                        0.0625
    75   398                       -0.0625
    80   398                       -0.0625
   106   398                        0.0625
   109   398                        0.0625
    79   399                       -0.0625
    80   399                       -0.0625
   109   399                        0.0625
   110   399                        0.0625
    79   400                       -0.0625
    84   400                       -0.0625
   110   400                        0.0625
   113   400                        0.0625
    83   401                       -0.0625
    84   401                       -0.0625
   113   401                        0.0625
   114   401                        0.0625
    83   402                       -0.0625
    88   402                       -0.0625
   114   402                        0.0625
   117   402                        0.0625
    87   403                       -0.0625
    88   403                       -0.0625
   117   403                        0.0625
   118   403                        0.0625
    87   404                       -0.0625
    92   404                       -0.0625
   118   404                        0.0625
   121   404                        0.0625
    91   405           -0.0624999999999999
    92   405                       -0.0625
   121   405                        0.0625
   122   405            0.0624999999999999
    91   406           -0.0624999999999999
    96   406                       -0.0625
   122   406            0.0624999999999999
   125   406                        0.0625
    95   407                       -0.0625
    96   407                       -0.0625
   125   407                        0.0625
   126   407                        0.0625
    97   410                       -0.0625
    98   410                       -0.0625
    99   410                        0.0625
   100   410                        0.0625
    98   411                       -0.0625
    99   411                        0.0625
   101   411           -0.0624999999999999
   104   411            0.0624999999999999
   101   412           -0.0624999999999999
   102   412                       -0.0625
   103   412                        0.0625
   104   412            0.0624999999999999
   102   413                       -0.0625
   103   413                        0.0625
   105   413                       -0.0625
   108   413                        0.0625
   105   414                       -0.0625
   106   414                       -0.0625
   107   414                        0.0625
   108   414                        0.0625
   106   415                       -0.0625
   107   415                        0.0625
   109   415                       -0.0625
   112   415                        0.0625
   109   416                       -0.0625
   110   416                       -0.0625
   111   416                        0.0625
   112   416                        0.0625
   110   417                       -0.0625
   111   417                        0.0625
   113   417                       -0.0625
   116   417                        0.0625
   113   418                       -0.0625
   114   418                       -0.0625
   115   418                        0.0625
   116   418                        0.0625
   114   419                       -0.0625
   115   419                        0.0625
   117   419                       -0.0625
   120   419                        0.0625
   117   420                       -0.0625
   118   420                       -0.0625
   119   420                        0.0625
   120   420                        0.0625
   118   421                       -0.0625
   119   421                        0.0625
   121   421                       -0.0625
   124   421                        0.0625
   121   422                       -0.0625
   122   422           -0.0624999999999999
   123   422            0.0624999999999999
   124   422                        0.0625
   122   423           -0.0624999999999999
   123   423            0.0624999999999999
   125   423                       -0.0625
   128   423                        0.0625
   125   424                       -0.0625
   126   424                       -0.0625
   127   424                        0.0625
   128   424                        0.0625
    99   427                       -0.0625
   100   427                       -0.0625
   129   427                        0.0625
   130   427                        0.0625
    99   428                       -0.0625
   104   428           -0.0624999999999999
   130   428                        0.0625
   133   428            0.0624999999999999
   103   429                       -0.0625
   104   429           -0.0624999999999999
   133   429            0.0624999999999999
   134   429                        0.0625
   103   430                       -0.0625
   108   430                       -0.0625
   134   430                        0.0625
   137   430                        0.0625
   107   431                       -0.0625
   108   431                       -0.0625
   137   431                        0.0625
   138   431                        0.0625
   107   432                       -0.0625
   112   432                       -0.0625
   138   432                        0.0625
   141   432                        0.0625
   111   433                       -0.0625
   112   433                       -0.0625
   141   433                        0.0625
   142   433                        0.0625
   111   434                       -0.0625
   116   434                       -0.0625
   142   434                        0.0625
   145   434                        0.0625
   115   435                       -0.0625
   116   435                       -0.0625
   145   435                        0.0625
   146   435                        0.0625
   115   436                       -0.0625
   120   436                       -0.0625
   146   436                        0.0625
   149   436                        0.0625
   119   437                       -0.0625
   120   437                       -0.0625
   149   437                        0.0625
   150   437                        0.0625
   119   438                       -0.0625
   124   438                       -0.0625
   150   438                        0.0625
   153   438                        0.0625
   123   439           -0.0624999999999999
   124   439                       -0.0625
   153   439                        0.0625
   154   439            0.0624999999999999
   123   440           -0.0624999999999999
   128   440                       -0.0625
   154   440            0.0624999999999999
   157   440                        0.0625
   127   441                       -0.0625
   128   441                       -0.0625
   157   441                        0.0625
   158   441                        0.0625
   129   444                       -0.0625
   130   444                       -0.0625
   131   444                        0.0625
   132   444                        0.0625
   130   445                       -0.0625
   131   445                        0.0625
   133   445           -0.0624999999999999
   136   445            0.0624999999999999
   133   446           -0.0624999999999999
   134   446                       -0.0625
   135   446                        0.0625
   136   446            0.0624999999999999
   134   447                       -0.0625
   135   447                        0.0625
   137   447                       -0.0625
   140   447                        0.0625
   137   448                       -0.0625
   138   448                       -0.0625
   139   448                        0.0625
   140   448                        0.0625
   138   449                       -0.0625
   139   449                        0.0625
   141   449                       -0.0625
   144   449                        0.0625
   141   450                       -0.0625
   142   450                       -0.0625
   143   450                        0.0625
   144   450                        0.0625
   142   451                       -0.0625
   143   451                        0.0625
   145   451                       -0.0625
   148   451                        0.0625
   145   452                       -0.0625
   146   452                       -0.0625
   147   452                        0.0625
   148   452                        0.0625
   146   453                       -0.0625
   147   453                        0.0625
   149   453                       -0.0625
   152   453                        0.0625
   149   454                       -0.0625
   150   454                       -0.0625
   151   454                        0.0625
   152   454                        0.0625
   150   455                       -0.0625
   151   455                        0.0625
   153   455                       -0.0625
   156   455                        0.0625
   153   456                       -0.0625
   154   456           -0.0624999999999999
   155   456            0.0624999999999999
   156   456                        0.0625
   154   457           -0.0624999999999999
   155   457            0.0624999999999999
   157   457                       -0.0625
   160   457                        0.0625
   157   458                       -0.0625
   158   458                       -0.0625
   159   458                        0.0625
   160   458                        0.0625
   131   461                       -0.0625
   132   461                       -0.0625
   161   461                        0.0625
   162   461                        0.0625
   131   462                       -0.0625
   136   462           -0.0624999999999999
   162   462                        0.0625
   165   462            0.0624999999999999
   135   463                       -0.0625
   136   463           -0.0624999999999999
   165   463            0.0624999999999999
   166   463                        0.0625
   135   464                       -0.0625
   140   464                       -0.0625
   166   464                        0.0625
   169   464                        0.0625
   139   465                       -0.0625
   140   465                       -0.0625
   169   465                        0.0625
   170   465                        0.0625
   139   466                       -0.0625
   144   466                       -0.0625
   170   466                        0.0625
   173   466                        0.0625
   143   467                       -0.0625
   144   467                       -0.0625
   173   467                        0.0625
   174   467                        0.0625
   143   468                       -0.0625
   148   468                       -0.0625
   174   468                        0.0625
   177   468                        0.0625
   147   469                       -0.0625
   148   469                       -0.0625
   177   469                        0.0625
   178   469                        0.0625
   147   470                       -0.0625
   152   470                       -0.0625
   178   470                        0.0625
   181   470                        0.0625
   151   471                       -0.0625
   152   471                       -0.0625
   181   471                        0.0625
   182   471                        0.0625
   151   472                       -0.0625
   156   472                       -0.0625
   182   472                        0.0625
   185   472                        0.0625
   155   473           -0.0624999999999999
   156   473                       -0.0625
   185   473                        0.0625
   186   473            0.0624999999999999
   155   474           -0.0624999999999999
   160   474                       -0.0625
   186   474            0.0624999999999999
   189   474                        0.0625
   159   475                       -0.0625
   160   475                       -0.0625
   189   475                        0.0625
   190   475                        0.0625
   161   478                       -0.0625
   162   478                       -0.0625
   163   478                        0.0625
   164   478                        0.0625
   162   479                       -0.0625
   163   479                        0.0625
   165   479           -0.0624999999999999
   168   479            0.0624999999999999
   165   480           -0.0624999999999999
   166   480                       -0.0625
   167   480                        0.0625
   168   480            0.0624999999999999
   166   481                       -0.0625
   167   481                        0.0625
   169   481                       -0.0625
   172   481                        0.0625
   169   482                       -0.0625
   170   482                       -0.0625
   171   482                        0.0625
   172   482                        0.0625
   170   483                       -0.0625
   171   483                        0.0625
   173   483                       -0.0625
   176   483                        0.0625
   173   484                       -0.0625
   174   484                       -0.0625
   175   484                        0.0625
   176   484                        0.0625
   174   485                       -0.0625
   175   485                        0.0625
   177   485                       -0.0625
   180   485                        0.0625
   177   486                       -0.0625
   178   486                       -0.0625
   179   486                        0.0625
   180   486                        0.0625
   178   487                       -0.0625
   179   487                        0.0625
   181   487                       -0.0625
   184   487                        0.0625
   181   488                       -0.0625
   182   488                       -0.0625
   183   488                        0.0625
   184   488                        0.0625
   182   489                       -0.0625
   183   489                        0.0625
   185   489                       -0.0625
   188   489                        0.0625
   185   490                       -0.0625
   186   490           -0.0624999999999999
   187   490            0.0624999999999999
   188   490                        0.0625
   186   491           -0.0624999999999999
   187   491            0.0624999999999999
   189   491                       -0.0625
   192   491                        0.0625
   189   492                       -0.0625
   190   492                       -0.0625
   191   492                        0.0625
   192   492                        0.0625
   163   495                       -0.0625
   164   495                       -0.0625
   193   495                        0.0625
   194   495                        0.0625
   163   496                       -0.0625
   168   496           -0.0624999999999999
   194   496                        0.0625
   197   496            0.0624999999999999
   167   497                       -0.0625
   168   497           -0.0624999999999999
   197   497            0.0624999999999999
   198   497                        0.0625
   167   498                       -0.0625
   172   498                       -0.0625
   198   498                        0.0625
   201   498                        0.0625
   171   499                       -0.0625
   172   499                       -0.0625
   201   499                        0.0625
   202   499                        0.0625
   171   500                       -0.0625
   176   500                       -0.0625
   202   500                        0.0625
   205   500                        0.0625
   175   501                       -0.0625
   176   501                       -0.0625
   205   501                        0.0625
   206   501                        0.0625
   175   502                       -0.0625
   180   502                       -0.0625
   206   502                        0.0625
   209   502                        0.0625
   179   503                       -0.0625
   180   503                       -0.0625
   209   503                        0.0625
   210   503                        0.0625
   179   504                       -0.0625
   184   504                       -0.0625
   210   504                        0.0625
   213   504                        0.0625
   183   505                       -0.0625
   184   505                       -0.0625
   213   505                        0.0625
   214   505                        0.0625
   183   506                       -0.0625
   188   506                       -0.0625
   214   506                        0.0625
   217   506                        0.0625
   187   507           -0.0624999999999999
   188   507                       -0.0625
   217   507                        0.0625
   218   507            0.0624999999999999
   187   508           -0.0624999999999999
   192   508                       -0.0625
   218   508            0.0624999999999999
   221   508                        0.0625
   191   509                       -0.0625
   192   509                       -0.0625
   221   509                        0.0625
   222   509                        0.0625
   193   512                       -0.0625
   194   512                       -0.0625
   195   512                        0.0625
   196   512                        0.0625
   194   513                       -0.0625
   195   513                        0.0625
   197   513           -0.0624999999999999
   200   513            0.0624999999999999
   197   514           -0.0624999999999999
   198   514                       -0.0625
   199   514                        0.0625
   200   514            0.0624999999999999
   198   515                       -0.0625
   199   515                        0.0625
   201   515                       -0.0625
   204   515                        0.0625
   201   516                       -0.0625
   202   516                       -0.0625
   203   516                        0.0625
   204   516                        0.0625
   202   517                       -0.0625
   203   517                        0.0625
   205   517                       -0.0625
   208   517                        0.0625
   205   518                       -0.0625
   206   518                       -0.0625
   207   518                        0.0625
   208   518                        0.0625
   206   519                       -0.0625
   207   519                        0.0625
   209   519                       -0.0625
   212   519                        0.0625
   209   520                       -0.0625
   210   520                       -0.0625
   211   520                        0.0625
   212   520                        0.0625
   210   521                       -0.0625
   211   521                        0.0625
   213   521                       -0.0625
   216   521                        0.0625
   213   522                       -0.0625
   214   522                       -0.0625
   215   522                        0.0625
   216   522                        0.0625
   214   523                       -0.0625
   215   523                        0.0625
   217   523                       -0.0625
   220   523                        0.0625
   217   524                       -0.0625
   218   524           -0.0624999999999999
   219   524            0.0624999999999999
   220   524                        0.0625
   218   525           -0.0624999999999999
   219   525            0.0624999999999999
   221   525                       -0.0625
   224   525                        0.0625
   221   526                       -0.0625
   222   526                       -0.0625
   223   526                        0.0625
   224   526                        0.0625
   195   529                       -0.0625
   196   529                       -0.0625
   225   529                        0.0625
   226   529                        0.0625
   195   530                       -0.0625
   200   530           -0.0624999999999999
   226   530                        0.0625
   229   530            0.0624999999999999
   199   531                       -0.0625
   200   531           -0.0624999999999999
   229   531            0.0624999999999999
   230   531                        0.0625
   199   532                       -0.0625
   204   532                       -0.0625
   230   532                        0.0625
   233   532                        0.0625
   203   533                       -0.0625
   204   533                       -0.0625
   233   533                        0.0625
   234   533                        0.0625
   203   534                       -0.0625
   208   534                       -0.0625
   234   534                        0.0625
   237   534                        0.0625
   207   535                       -0.0625
   208   535                       -0.0625
   237   535                        0.0625
   238   535                        0.0625
   207   536                       -0.0625
   212   536                       -0.0625
   238   536                        0.0625
   241   536                        0.0625
   211   537                       -0.0625
   212   537                       -0.0625
   241   537                        0.0625
   242   537                        0.0625
   211   538                       -0.0625
   216   538                       -0.0625
   242   538                        0.0625
   245   538                        0.0625
   215   539                       -0.0625
   216   539                       -0.0625
   245   539                        0.0625
   246   539                        0.0625
   215   540                       -0.0625
   220   540                       -0.0625
   246   540                        0.0625
   249   540                        0.0625
   219   541           -0.0624999999999999
   220   541                       -0.0625
   249   541                        0.0625
   250   541            0.0624999999999999
   219   542           -0.0624999999999999
   224   542                       -0.0625
   250   542            0.0624999999999999
   253   542                        0.0625
   223   543                       -0.0625
   224   543                       -0.0625
   253   543                        0.0625
   254   543                        0.0625
   225   546                       -0.0625
   226   546                       -0.0625
   227   546                        0.0625
   228   546                        0.0625
   226   547                       -0.0625
   227   547                        0.0625
   229   547           -0.0624999999999999
   232   547            0.0624999999999999
   229   548           -0.0624999999999999
   230   548                       -0.0625
   231   548                        0.0625
   232   548            0.0624999999999999
   230   549                       -0.0625
   231   549                        0.0625
   233   549                       -0.0625
   236   549                        0.0625
   233   550                       -0.0625
   234   550                       -0.0625
   235   550                        0.0625
   236   550                        0.0625
   234   551                       -0.0625
   235   551                        0.0625
   237   551                       -0.0625
   240   551                        0.0625
   237   552                       -0.0625
   238   552                       -0.0625
   239   552                        0.0625
   240   552                        0.0625
   238   553                       -0.0625
   239   553                        0.0625
   241   553                       -0.0625
   244   553                        0.0625
   241   554                       -0.0625
   242   554                       -0.0625
   243   554                        0.0625
   244   554                        0.0625
   242   555                       -0.0625
   243   555                        0.0625
   245   555                       -0.0625
   248   555                        0.0625
   245   556                       -0.0625
   246   556                       -0.0625
   247   556                        0.0625
   248   556                        0.0625
   246   557                       -0.0625
   247   557                        0.0625
   249   557                       -0.0625
   252   557                        0.0625
   249   558                       -0.0625
   250   558           -0.0624999999999999
   251   558            0.0624999999999999
   252   558                        0.0625
   250   559           -0.0624999999999999
   251   559            0.0624999999999999
   253   559                       -0.0625
   256   559                        0.0625
   253   560                       -0.0625
   254   560                       -0.0625
   255   560                        0.0625
   256   560                        0.0625