     19   1                         -0.0625
    308   1                         -0.0625
     19   2                          0.0625
     20   2                         -0.0625
    308   2                         -0.0625
    309   2                         -0.0625
     19   3                          0.0625
     20   3                         -0.0625
     36   3                          0.0625
     37   3                         -0.0625
    308   3                          0.0625
    309   3                          0.0625
    325   3                         -0.0625
    326   3                         -0.0625
     19   4                         -0.0625
     36   4                         -0.0625
    308   4                          0.0625
    325   4                         -0.0625
     20   5                          0.0625
     21   5                         -0.0625
    309   5             -0.0624999999999999
    310   5             -0.0624999999999999
     21   6                          0.0625
     22   6                         -0.0625
    310   6                         -0.0625
    311   6                         -0.0625
     21   7                          0.0625
     22   7                         -0.0625
     38   7                          0.0625
     39   7                         -0.0625
    310   7                          0.0625
    311   7                          0.0625
    327   7                         -0.0625
    328   7                         -0.0625
     20   8                          0.0625
     21   8                         -0.0625
     37   8                          0.0625
     38   8                         -0.0625
    309   8              0.0624999999999999
    310   8              0.0624999999999999
    326   8             -0.0624999999999999
    327   8             -0.0624999999999999
     22   9                          0.0625
     23   9                         -0.0625
    311   9                         -0.0625
    312   9                         -0.0625
     23   10                         0.0625
     24   10                        -0.0625
    312   10                        -0.0625
    313   10                        -0.0625
     23   11                         0.0625
     24   11                        -0.0625
     40   11                         0.0625
     41   11                        -0.0625
    312   11                         0.0625
    313   11                         0.0625
    329   11                        -0.0625
    330   11                        -0.0625
     22   12                         0.0625
     23   12                        -0.0625
     39   12                         0.0625
     40   12                        -0.0625
    311   12                         0.0625
    312   12                         0.0625
    328   12                        -0.0625
    329   12                        -0.0625
     24   13                         0.0625
     25   13                        -0.0625
    313   13                        -0.0625
    314   13                        -0.0625
     25   14                         0.0625
     26   14                        -0.0625
    314   14                        -0.0625
    315   14                        -0.0625
     25   15                         0.0625
     26   15                        -0.0625
     42   15                         0.0625
     43   15                        -0.0625
    314   15                         0.0625
    315   15                         0.0625
    331   15                        -0.0625
    332   15                        -0.0625
     24   16                         0.0625
     25   16                        -0.0625
     41   16                         0.0625
     42   16                        -0.0625
    313   16                         0.0625
    314   16                         0.0625
    330   16                        -0.0625
    331   16                        -0.0625
     26   17                         0.0625
     27   17                        -0.0625
    315   17                        -0.0625
    316   17                        -0.0625
     27   18                         0.0625
     28   18                        -0.0625
    316   18                        -0.0625
    317   18                        -0.0625
     27   19                         0.0625
     28   19                        -0.0625
     44   19                         0.0625
     45   19                        -0.0625
    316   19                         0.0625
    317   19                         0.0625
    333   19                        -0.0625
    334   19                        -0.0625
     26   20                         0.0625
     27   20                        -0.0625
     43   20                         0.0625
     44   20                        -0.0625
    315   20                         0.0625
    316   20                         0.0625
    332   20                        -0.0625
    333   20                        -0.0625
     28   21                         0.0625
     29   21                        -0.0625
    317   21                        -0.0625
    318   21                        -0.0625
     29   22                         0.0625
     30   22                        -0.0625
    318   22                        -0.0625
    319   22                        -0.0625
     29   23                         0.0625
     30   23                        -0.0625
     46   23                         0.0625
     47   23                        -0.0625
    318   23                         0.0625
    319   23                         0.0625
    335   23                        -0.0625
    336   23                        -0.0625
     28   24                         0.0625
     29   24                        -0.0625
     45   24                         0.0625
     46   24                        -0.0625
    317   24                         0.0625
    318   24                         0.0625
    334   24                        -0.0625
    335   24                        -0.0625
     30   25                         0.0625
     31   25                        -0.0625
    319   25                        -0.0625
    320   25                        -0.0625
     31   26                         0.0625
     32   26                        -0.0625
    320   26            -0.0624999999999999
    321   26            -0.0624999999999999
     31   27                         0.0625
     32   27                        -0.0625
     48   27                         0.0625
     49   27                        -0.0625
    320   27             0.0624999999999999
    321   27             0.0624999999999999
    337   27            -0.0624999999999999
    338   27            -0.0624999999999999
     30   28                         0.0625
     31   28                        -0.0625
     47   28                         0.0625
     48   28                        -0.0625
    319   28                         0.0625
    320   28                         0.0625
    336   28                        -0.0625
    337   28                        -0.0625
     32   29                         0.0625
     33   29                        -0.0625
    321   29                        -0.0625
    322   29                        -0.0625
     33   30                         0.0625
    322   30                        -0.0625
     33   31                         0.0625
     50   31                         0.0625
    322   31                         0.0625
    339   31                        -0.0625
     32   32                         0.0625
     33   32                        -0.0625
     49   32                         0.0625
     50   32                        -0.0625
    321   32                         0.0625
    322   32                         0.0625
    338   32                        -0.0625
    339   32                        -0.0625
     36   33            -0.0624999999999999
     53   33            -0.0624999999999999
    325   33                         0.0625
    342   33                        -0.0625
     36   34             0.0624999999999999
     37   34            -0.0624999999999999
     53   34             0.0624999999999999
     54   34            -0.0624999999999999
    325   34                         0.0625
    326   34                         0.0625
    342   34                        -0.0625
    343   34                        -0.0625
     53   35                         0.0625
     54   35                        -0.0625
     70   35                         0.0625
     71   35                        -0.0625
    342   35                         0.0625
    343   35                         0.0625
    359   35                        -0.0625
    360   35                        -0.0625
     53   36                        -0.0625
     70   36                        -0.0625
    342   36                         0.0625
    359   36                        -0.0625
     37   37             0.0624999999999999
     38   37            -0.0624999999999999
     54   37             0.0624999999999999
     55   37            -0.0624999999999999
    326   37             0.0624999999999999
    327   37             0.0624999999999999
    343   37            -0.0624999999999999
    344   37            -0.0624999999999999
     38   38             0.0624999999999999
     39   38            -0.0624999999999999
     55   38             0.0624999999999999
     56   38            -0.0624999999999999
    327   38                         0.0625
    328   38                         0.0625
    344   38                        -0.0625
    345   38                        -0.0625
     55   39                         0.0625
     56   39                        -0.0625
     72   39                         0.0625
     73   39                        -0.0625
    344   39                         0.0625
    345   39                         0.0625
    361   39                        -0.0625
    362   39                        -0.0625
     54   40                         0.0625
     55   40                        -0.0625
     71   40                         0.0625
     72   40                        -0.0625
    343   40             0.0624999999999999
    344   40             0.0624999999999999
    360   40            -0.0624999999999999
    361   40            -0.0624999999999999
     39   41             0.0624999999999999
     40   41            -0.0624999999999999
     56   41             0.0624999999999999
     57   41            -0.0624999999999999
    328   41                         0.0625
    329   41                         0.0625
    345   41                        -0.0625
    346   41                        -0.0625
     40   42             0.0624999999999999
     41   42            -0.0624999999999999
     57   42             0.0624999999999999
     58   42            -0.0624999999999999
    329   42                         0.0625
    330   42                         0.0625
    346   42                        -0.0625
    347   42                        -0.0625
     57   43                         0.0625
     58   43                        -0.0625
     74   43                         0.0625
     75   43                        -0.0625
    346   43                         0.0625
    347   43                         0.0625
    363   43                        -0.0625
    364   43                        -0.0625
     56   44                         0.0625
     57   44                        -0.0625
     73   44                         0.0625
     74   44                        -0.0625
    345   44                         0.0625
    346   44                         0.0625
    362   44                        -0.0625
    363   44                        -0.0625
     41   45             0.0624999999999999
     42   45            -0.0624999999999999
     58   45             0.0624999999999999
     59   45            -0.0624999999999999
    330   45                         0.0625
    331   45                         0.0625
    347   45                        -0.0625
    348   45                        -0.0625
     42   46             0.0624999999999999
     43   46            -0.0624999999999999
     59   46             0.0624999999999999
     60   46            -0.0624999999999999
    331   46                         0.0625
    332   46                         0.0625
    348   46                        -0.0625
    349   46                        -0.0625
     59   47                         0.0625
     60   47                        -0.0625
     76   47                         0.0625
     77   47                        -0.0625
    348   47                         0.0625
    349   47                         0.0625
    365   47                        -0.0625
    366   47                        -0.0625
     58   48                         0.0625
     59   48                        -0.0625
     75   48                         0.0625
     76   48                        -0.0625
    347   48                         0.0625
    348   48                         0.0625
    364   48                        -0.0625
    365   48                        -0.0625
     43   49             0.0624999999999999
     44   49            -0.0624999999999999
     60   49             0.0624999999999999
     61   49            -0.0624999999999999
    332   49                         0.0625
    333   49                         0.0625
    349   49                        -0.0625
    350   49                        -0.0625
     44   50             0.0624999999999999
     45   50            -0.0624999999999999
     61   50             0.0624999999999999
     62   50            -0.0624999999999999
    333   50                         0.0625
    334   50                         0.0625
    350   50                        -0.0625
    351   50                        -0.0625
     61   51                         0.0625
     62   51                        -0.0625
     78   51                         0.0625
     79   51                        -0.0625
    350   51                         0.0625
    351   51                         0.0625
    367   51                        -0.0625
    368   51                        -0.0625
     60   52                         0.0625
     61   52                        -0.0625
     77   52                         0.0625
     78   52                        -0.0625
    349   52                         0.0625
    350   52                         0.0625
    366   52                        -0.0625
    367   52                        -0.0625
     45   53             0.0624999999999999
     46   53            -0.0624999999999999
     62   53             0.0624999999999999
     63   53            -0.0624999999999999
    334   53                         0.0625
    335   53                         0.0625
    351   53                        -0.0625
    352   53                        -0.0625
     46   54             0.0624999999999999
     47   54            -0.0624999999999999
     63   54             0.0624999999999999
     64   54            -0.0624999999999999
    335   54                         0.0625
    336   54                         0.0625
    352   54                        -0.0625
    353   54                        -0.0625
     63   55                         0.0625
     64   55                        -0.0625
     80   55                         0.0625
     81   55                        -0.0625
    352   55                         0.0625
    353   55                         0.0625
    369   55                        -0.0625
    370   55                        -0.0625
     62   56                         0.0625
     63   56                        -0.0625
     79   56                         0.0625
     80   56                        -0.0625
    351   56                         0.0625
    352   56                         0.0625
    368   56                        -0.0625
    369   56                        -0.0625
     47   57             0.0624999999999999
     48   57            -0.0624999999999999
     64   57             0.0624999999999999
     65   57            -0.0624999999999999
    336   57                         0.0625
    337   57                         0.0625
    353   57                        -0.0625
    354   57                        -0.0625
     48   58             0.0624999999999999
     49   58            -0.0624999999999999
     65   58             0.0624999999999999
     66   58            -0.0624999999999999
    337   58             0.0624999999999999
    338   58             0.0624999999999999
    354   58            -0.0624999999999999
    355   58            -0.0624999999999999
     65   59                         0.0625
     66   59                        -0.0625
     82   59                         0.0625
     83   59                        -0.0625
    354   59             0.0624999999999999
    355   59             0.0624999999999999
    371   59            -0.0624999999999999
    372   59            -0.0624999999999999
     64   60                         0.0625
     65   60                        -0.0625
     81   60                         0.0625
     82   60                        -0.0625
    353   60                         0.0625
    354   60                         0.0625
    370   60                        -0.0625
    371   60                        -0.0625
     49   61             0.0624999999999999
     50   61            -0.0624999999999999
     66   61             0.0624999999999999
     67   61            -0.0624999999999999
    338   61                         0.0625
    339   61                         0.0625
    355   61                        -0.0625
    356   61                        -0.0625
     50   62             0.0624999999999999
     67   62             0.0624999999999999
    339   62                         0.0625
    356   62                        -0.0625
     67   63                         0.0625
     84   63                         0.0625
    356   63                         0.0625
    373   63                        -0.0625
     66   64                         0.0625
     67   64                        -0.0625
     83   64                         0.0625
     84   64                        -0.0625
    355   64                         0.0625
    356   64                         0.0625
    372   64                        -0.0625
    373   64                        -0.0625
     70   65                        -0.0625
     87   65                        -0.0625
    359   65                         0.0625
    376   65                        -0.0625
     70   66                         0.0625
     71   66                        -0.0625
     87   66                         0.0625
     88   66                        -0.0625
    359   66                         0.0625
    360   66                         0.0625
    376   66                        -0.0625
    377   66                        -0.0625
     87   67                         0.0625
     88   67                        -0.0625
    104   67                         0.0625
    105   67                        -0.0625
    376   67                         0.0625
    377   67                         0.0625
    393   67                        -0.0625
    394   67                        -0.0625
     87   68                        -0.0625
    104   68                        -0.0625
    376   68                         0.0625
    393   68                        -0.0625
     71   69                         0.0625
     72   69                        -0.0625
     88   69                         0.0625
     89   69                        -0.0625
    360   69             0.0624999999999999
    361   69             0.0624999999999999
    377   69            -0.0624999999999999
    378   69            -0.0624999999999999
     72   70                         0.0625
     73   70                        -0.0625
     89   70                         0.0625
     90   70                        -0.0625
    361   70                         0.0625
    362   70                         0.0625
    378   70                        -0.0625
    379   70                        -0.0625
     89   71                         0.0625
     90   71                        -0.0625
    106   71                         0.0625
    107   71                        -0.0625
    378   71                         0.0625
    379   71                         0.0625
    395   71                        -0.0625
    396   71                        -0.0625
     88   72                         0.0625
     89   72                        -0.0625
    105   72                         0.0625
    106   72                        -0.0625
    377   72             0.0624999999999999
    378   72             0.0624999999999999
    394   72            -0.0624999999999999
    395   72            -0.0624999999999999
     73   73                         0.0625
     74   73                        -0.0625
     90   73                         0.0625
     91   73                        -0.0625
    362   73                         0.0625
    363   73                         0.0625
    379   73                        -0.0625
    380   73                        -0.0625
     74   74                         0.0625
     75   74                        -0.0625
     91   74                         0.0625
     92   74                        -0.0625
    363   74                         0.0625
    364   74                         0.0625
    380   74                        -0.0625
    381   74                        -0.0625
     91   75                         0.0625
     92   75                        -0.0625
    108   75                         0.0625
    109   75                        -0.0625
    380   75                         0.0625
    381   75                         0.0625
    397   75                        -0.0625
    398   75                        -0.0625
     90   76                         0.0625
     91   76                        -0.0625
    107   76                         0.0625
    108   76                        -0.0625
    379   76                         0.0625
    380   76                         0.0625
    396   76                        -0.0625
    397   76                        -0.0625
     75   77                         0.0625
     76   77                        -0.0625
     92   77                         0.0625
     93   77                        -0.0625
    364   77                         0.0625
    365   77                         0.0625
    381   77                        -0.0625
    382   77                        -0.0625
     76   78                         0.0625
     77   78                        -0.0625
     93   78                         0.0625
     94   78                        -0.0625
    365   78                         0.0625
    366   78                         0.0625
    382   78                        -0.0625
    383   78                        -0.0625
     93   79                         0.0625
     94   79                        -0.0625
    110   79                         0.0625
    111   79                        -0.0625
    382   79                         0.0625
    383   79                         0.0625
    399   79                        -0.0625
    400   79                        -0.0625
     92   80                         0.0625
     93   80                        -0.0625
    109   80                         0.0625
    110   80                        -0.0625
    381   80                         0.0625
    382   80                         0.0625
    398   80                        -0.0625
    399   80                        -0.0625
     77   81                         0.0625
     78   81                        -0.0625
     94   81                         0.0625
     95   81                        -0.0625
    366   81                         0.0625
    367   81                         0.0625
    383   81                        -0.0625
    384   81                        -0.0625
     78   82                         0.0625
     79   82                        -0.0625
     95   82                         0.0625
     96   82                        -0.0625
    367   82                         0.0625
    368   82                         0.0625
    384   82                        -0.0625
    385   82                        -0.0625
     95   83                         0.0625
     96   83                        -0.0625
    112   83                         0.0625
    113   83                        -0.0625
    384   83                         0.0625
    385   83                         0.0625
    401   83                        -0.0625
    402   83                        -0.0625
     94   84                         0.0625
     95   84                        -0.0625
    111   84                         0.0625
    112   84                        -0.0625
    383   84                         0.0625
    384   84                         0.0625
    400   84                        -0.0625
    401   84                        -0.0625
     79   85                         0.0625
     80   85                        -0.0625
     96   85                         0.0625
     97   85                        -0.0625
    368   85                         0.0625
    369   85                         0.0625
    385   85                        -0.0625
    386   85                        -0.0625
     80   86                         0.0625
     81   86                        -0.0625
     97   86                         0.0625
     98   86                        -0.0625
    369   86                         0.0625
    370   86                         0.0625
    386   86                        -0.0625
    387   86                        -0.0625
     97   87                         0.0625
     98   87                        -0.0625
    114   87                         0.0625
    115   87                        -0.0625
    386   87                         0.0625
    387   87                         0.0625
    403   87                        -0.0625
    404   87                        -0.0625
     96   88                         0.0625
     97   88                        -0.0625
    113   88                         0.0625
    114   88                        -0.0625
    385   88                         0.0625
    386   88                         0.0625
    402   88                        -0.0625
    403   88                        -0.0625
     81   89                         0.0625
     82   89                        -0.0625
     98   89                         0.0625
     99   89                        -0.0625
    370   89                         0.0625
    371   89                         0.0625
    387   89                        -0.0625
    388   89                        -0.0625
     82   90                         0.0625
     83   90                        -0.0625
     99   90                         0.0625
    100   90                        -0.0625
    371   90             0.0624999999999999
    372   90             0.0624999999999999
    388   90            -0.0624999999999999
    389   90            -0.0624999999999999
     99   91                         0.0625
    100   91                        -0.0625
    116   91                         0.0625
    117   91                        -0.0625
    388   91             0.0624999999999999
    389   91             0.0624999999999999
    405   91            -0.0624999999999999
    406   91            -0.0624999999999999
     98   92                         0.0625
     99   92                        -0.0625
    115   92                         0.0625
    116   92                        -0.0625
    387   92                         0.0625
    388   92                         0.0625
    404   92                        -0.0625
    405   92                        -0.0625
     83   93                         0.0625
     84   93                        -0.0625
    100   93                         0.0625
    101   93                        -0.0625
    372   93                         0.0625
    373   93                         0.0625
    389   93                        -0.0625
    390   93                        -0.0625
     84   94                         0.0625
    101   94                         0.0625
    373   94                         0.0625
    390   94                        -0.0625
    101   95                         0.0625
    118   95                         0.0625
    390   95                         0.0625
    407   95                        -0.0625
    100   96                         0.0625
    101   96                        -0.0625
    117   96                         0.0625
    118   96                        -0.0625
    389   96                         0.0625
    390   96                         0.0625
    406   96                        -0.0625
    407   96                        -0.0625
    104   97                        -0.0625
    121   97                        -0.0625
    393   97                         0.0625
    410   97                        -0.0625
    104   98                         0.0625
    105   98                        -0.0625
    121   98                         0.0625
    122   98                        -0.0625
    393   98                         0.0625
    394   98                         0.0625
    410   98                        -0.0625
    411   98                        -0.0625
    121   99                         0.0625
    122   99                        -0.0625
    138   99                         0.0625
    139   99                        -0.0625
    410   99                         0.0625
    411   99                         0.0625
    427   99                        -0.0625
    428   99                        -0.0625
    121   100                       -0.0625
    138   100                       -0.0625
    410   100                        0.0625
    427   100                       -0.0625
    105   101                        0.0625
    106   101                       -0.0625
    122   101                        0.0625
    123   101                       -0.0625
    394   101            0.0624999999999999
    395   101            0.0624999999999999
    411   101           -0.0624999999999999
    412   101           -0.0624999999999999
    106   102                        0.0625
    107   102                       -0.0625
    123   102                        0.0625
    124   102                       -0.0625
    395   102                        0.0625
    396   102                        0.0625
    412   102                       -0.0625
    413   102                       -0.0625
    123   103                        0.0625
    124   103                       -0.0625
    140   103                        0.0625
    141   103                       -0.0625
    412   103                        0.0625
    413   103                        0.0625
    429   103                       -0.0625
    430   103                       -0.0625
    122   104                        0.0625
    123   104                       -0.0625
    139   104                        0.0625
    140   104                       -0.0625
    411   104            0.0624999999999999
    412   104            0.0624999999999999
    428   104           -0.0624999999999999
    429   104           -0.0624999999999999
    107   105                        0.0625
    108   105                       -0.0625
    124   105                        0.0625
    125   105                       -0.0625
    396   105                        0.0625
    397   105                        0.0625
    413   105                       -0.0625
    414   105                       -0.0625
    108   106                        0.0625
    109   106                       -0.0625
    125   106                        0.0625
    126   106                       -0.0625
    397   106                        0.0625
    398   106                        0.0625
    414   106                       -0.0625
    415   106                       -0.0625
    125   107                        0.0625
    126   107                       -0.0625
    142   107                        0.0625
    143   107                       -0.0625
    414   107                        0.0625
    415   107                        0.0625
    431   107                       -0.0625
    432   107                       -0.0625
    124   108                        0.0625
    125   108                       -0.0625
    141   108                        0.0625
    142   108                       -0.0625
    413   108                        0.0625
    414   108                        0.0625
    430   108                       -0.0625
    431   108                       -0.0625
    109   109                        0.0625
    110   109                       -0.0625
    126   109                        0.0625
    127   109                       -0.0625
    398   109                        0.0625
    399   109                        0.0625
    415   109                       -0.0625
    416   109                       -0.0625
    110   110                        0.0625
    111   110                       -0.0625
    127   110                        0.0625
    128   110                       -0.0625
    399   110                        0.0625
    400   110                        0.0625
    416   110                       -0.0625
    417   110                       -0.0625
    127   111                        0.0625
    128   111                       -0.0625
    144   111                        0.0625
    145   111                       -0.0625
    416   111                        0.0625
    417   111                        0.0625
    433   111                       -0.0625
    434   111                       -0.0625
    126   112                        0.0625
    127   112                       -0.0625
    143   112                        0.0625
    144   112                       -0.0625
    415   112                        0.0625
    416   112                        0.0625
    432   112                       -0.0625
    433   112                       -0.0625
    111   113                        0.0625
    112   113                       -0.0625
    128   113                        0.0625
    129   113                       -0.0625
    400   113                        0.0625
    401   113                        0.0625
    417   113                       -0.0625
    418   113                       -0.0625
    112   114                        0.0625
    113   114                       -0.0625
    129   114                        0.0625
    130   114                       -0.0625
    401   114                        0.0625
    402   114                        0.0625
    418   114                       -0.0625
    419   114                       -0.0625
    129   115                        0.0625
    130   115                       -0.0625
    146   115                        0.0625
    147   115                       -0.0625
    418   115                        0.0625
    419   115                        0.0625
    435   115                       -0.0625
    436   115                       -0.0625
    128   116                        0.0625
    129   116                       -0.0625
    145   116                        0.0625
    146   116                       -0.0625
    417   116                        0.0625
    418   116                        0.0625
    434   116                       -0.0625
    435   116                       -0.0625
    113   117                        0.0625
    114   117                       -0.0625
    130   117                        0.0625
    131   117                       -0.0625
    402   117                        0.0625
    403   117                        0.0625
    419   117                       -0.0625
    420   117                       -0.0625
    114   118                        0.0625
    115   118                       -0.0625
    131   118                        0.0625
    132   118                       -0.0625
    403   118                        0.0625
    404   118                        0.0625
    420   118                       -0.0625
    421   118                       -0.0625
    131   119                        0.0625
    132   119                       -0.0625
    148   119                        0.0625
    149   119                       -0.0625
    420   119                        0.0625
    421   119                        0.0625
    437   119                       -0.0625
    438   119                       -0.0625
    130   120                        0.0625
    131   120                       -0.0625
    147   120                        0.0625
    148   120                       -0.0625
    419   120                        0.0625
    420   120                        0.0625
    436   120                       -0.0625
    437   120                       -0.0625
    115   121                        0.0625
    116   121                       -0.0625
    132   121                        0.0625
    133   121                       -0.0625
    404   121                        0.0625
    405   121                        0.0625
    421   121                       -0.0625
    422   121                       -0.0625
    116   122                        0.0625
    117   122                       -0.0625
    133   122                        0.0625
    134   122                       -0.0625
    405   122            0.0624999999999999
    406   122            0.0624999999999999
    422   122           -0.0624999999999999
    423   122           -0.0624999999999999
    133   123                        0.0625
    134   123                       -0.0625
    150   123                        0.0625
    151   123                       -0.0625
    422   123            0.0624999999999999
    423   123            0.0624999999999999
    439   123           -0.0624999999999999
    440   123           -0.0624999999999999
    132   124                        0.0625
    133   124                       -0.0625
    149   124                        0.0625
    150   124                       -0.0625
    421   124                        0.0625
    422   124                        0.0625
    438   124                       -0.0625
    439   124                       -0.0625
    117   125                        0.0625
    118   125                       -0.0625
    134   125                        0.0625
    135   125                       -0.0625
    406   125                        0.0625
    407   125                        0.0625
    423   125                       -0.0625
    424   125                       -0.0625
    118   126                        0.0625
    135   126                        0.0625
    407   126                        0.0625
    424   126                       -0.0625
    135   127                        0.0625
    152   127                        0.0625
    424   127                        0.0625
    441   127                       -0.0625
    134   128                        0.0625
    135   128                       -0.0625
    151   128                        0.0625
    152   128                       -0.0625
    423   128                        0.0625
    424   128                        0.0625
    440   128                       -0.0625
    441   128                       -0.0625
    138   129                       -0.0625
    155   129                       -0.0625
    427   129                        0.0625
    444   129                       -0.0625
    138   130                        0.0625
    139   130                       -0.0625
    155   130                        0.0625
    156   130                       -0.0625
    427   130                        0.0625
    428   130                        0.0625
    444   130                       -0.0625
    445   130                       -0.0625
    155   131                        0.0625
    156   131                       -0.0625
    172   131                        0.0625
    173   131                       -0.0625
    444   131                        0.0625
    445   131                        0.0625
    461   131                       -0.0625
    462   131                       -0.0625
    155   132                       -0.0625
    172   132                       -0.0625
    444   132                        0.0625
    461   132                       -0.0625
    139   133                        0.0625
    140   133                       -0.0625
    156   133                        0.0625
    157   133                       -0.0625
    428   133            0.0624999999999999
    429   133            0.0624999999999999
    445   133           -0.0624999999999999
    446   133           -0.0624999999999999
    140   134                        0.0625
    141   134                       -0.0625
    157   134                        0.0625
    158   134                       -0.0625
    429   134                        0.0625
    430   134                        0.0625
    446   134                       -0.0625
    447   134                       -0.0625
    157   135                        0.0625
    158   135                       -0.0625
    174   135                        0.0625
    175   135                       -0.0625
    446   135                        0.0625
    447   135                        0.0625
    463   135                       -0.0625
    464   135                       -0.0625
    156   136                        0.0625
    157   136                       -0.0625
    173   136                        0.0625
    174   136                       -0.0625
    445   136            0.0624999999999999
    446   136            0.0624999999999999
    462   136           -0.0624999999999999
    463   136           -0.0624999999999999
    141   137                        0.0625
    142   137                       -0.0625
    158   137                        0.0625
    159   137                       -0.0625
    430   137                        0.0625
    431   137                        0.0625
    447   137                       -0.0625
    448   137                       -0.0625
    142   138                        0.0625
    143   138                       -0.0625
    159   138                        0.0625
    160   138                       -0.0625
    431   138                        0.0625
    432   138                        0.0625
    448   138                       -0.0625
    449   138                       -0.0625
    159   139                        0.0625
    160   139                       -0.0625
    176   139                        0.0625
    177   139                       -0.0625
    448   139                        0.0625
    449   139                        0.0625
    465   139                       -0.0625
    466   139                       -0.0625
    158   140                        0.0625
    159   140                       -0.0625
    175   140                        0.0625
    176   140                       -0.0625
    447   140                        0.0625
    448   140                        0.0625
    464   140                       -0.0625
    465   140                       -0.0625
    143   141                        0.0625
    144   141                       -0.0625
    160   141                        0.0625
    161   141                       -0.0625
    432   141                        0.0625
    433   141                        0.0625
    449   141                       -0.0625
    450   141                       -0.0625
    144   142                        0.0625
    145   142                       -0.0625
    161   142                        0.0625
    162   142                       -0.0625
    433   142                        0.0625
    434   142                        0.0625
    450   142                       -0.0625
    451   142                       -0.0625
    161   143                        0.0625
    162   143                       -0.0625
    178   143                        0.0625
    179   143                       -0.0625
    450   143                        0.0625
    451   143                        0.0625
    467   143                       -0.0625
    468   143                       -0.0625
    160   144                        0.0625
    161   144                       -0.0625
    177   144                        0.0625
    178   144                       -0.0625
    449   144                        0.0625
    450   144                        0.0625
    466   144                       -0.0625
    467   144                       -0.0625
    145   145                        0.0625
    146   145                       -0.0625
    162   145                        0.0625
    163   145                       -0.0625
    434   145                        0.0625
    435   145                        0.0625
    451   145                       -0.0625
    452   145                       -0.0625
    146   146                        0.0625
    147   146                       -0.0625
    163   146                        0.0625
    164   146                       -0.0625
    435   146                        0.0625
    436   146                        0.0625
    452   146                       -0.0625
    453   146                       -0.0625
    163   147                        0.0625
    164   147                       -0.0625
    180   147                        0.0625
    181   147                       -0.0625
    452   147                        0.0625
    453   147                        0.0625
    469   147                       -0.0625
    470   147                       -0.0625
    162   148                        0.0625
    163   148                       -0.0625
    179   148                        0.0625
    180   148                       -0.0625
    451   148                        0.0625
    452   148                        0.0625
    468   148                       -0.0625
    469   148                       -0.0625
    147   149                        0.0625
    148   149                       -0.0625
    164   149                        0.0625
    165   149                       -0.0625
    436   149                        0.0625
    437   149                        0.0625
    453   149                       -0.0625
    454   149                       -0.0625
    148   150                        0.0625
    149   150                       -0.0625
    165   150                        0.0625
    166   150                       -0.0625
    437   150                        0.0625
    438   150                        0.0625
    454   150                       -0.0625
    455   150                       -0.0625
    165   151                        0.0625
    166   151                       -0.0625
    182   151                        0.0625
    183   151                       -0.0625
    454   151                        0.0625
    455   151                        0.0625
    471   151                       -0.0625
    472   151                       -0.0625
    164   152                        0.0625
    165   152                       -0.0625
    181   152                        0.0625
    182   152                       -0.0625
    453   152                        0.0625
    454   152                        0.0625
    470   152                       -0.0625
    471   152                       -0.0625
    149   153                        0.0625
    150   153                       -0.0625
    166   153                        0.0625
    167   153                       -0.0625
    438   153                        0.0625
    439   153                        0.0625
    455   153                       -0.0625
    456   153                       -0.0625
    150   154                        0.0625
    151   154                       -0.0625
    167   154                        0.0625
    168   154                       -0.0625
    439   154            0.0624999999999999
    440   154            0.0624999999999999
    456   154           -0.0624999999999999
    457   154           -0.0624999999999999
    167   155                        0.0625
    168   155                       -0.0625
    184   155                        0.0625
    185   155                       -0.0625
    456   155            0.0624999999999999
    457   155            0.0624999999999999
    473   155           -0.0624999999999999
    474   155           -0.0624999999999999
    166   156                        0.0625
    167   156                       -0.0625
    183   156                        0.0625
    184   156                       -0.0625
    455   156                        0.0625
    456   156                        0.0625
    472   156                       -0.0625
    473   156                       -0.0625
    151   157                        0.0625
    152   157                       -0.0625
    168   157                        0.0625
    169   157                       -0.0625
    440   157                        0.0625
    441   157                        0.0625
    457   157                       -0.0625
    458   157                       -0.0625
    152   158                        0.0625
    169   158                        0.0625
    441   158                        0.0625
    458   158                       -0.0625
    169   159                        0.0625
    186   159                        0.0625
    458   159                        0.0625
    475   159                       -0.0625
    168   160                        0.0625
    169   160                       -0.0625
    185   160                        0.0625
    186   160                       -0.0625
    457   160                        0.0625
    458   160                        0.0625
    474   160                       -0.0625
    475   160                       -0.0625
    172   161                       -0.0625
    189   161                       -0.0625
    461   161                        0.0625
    478   161                       -0.0625
    172   162                        0.0625
    173   162                       -0.0625
    189   162                        0.0625
    190   162                       -0.0625
    461   162                        0.0625
    462   162                        0.0625
    478   162                       -0.0625
    479   162                       -0.0625
    189   163                        0.0625
    190   163                       -0.0625
    206   163                        0.0625
    207   163                       -0.0625
    478   163                        0.0625
    479   163                        0.0625
    495   163                       -0.0625
    496   163                       -0.0625
    189   164                       -0.0625
    206   164                       -0.0625
    478   164                        0.0625
    495   164                       -0.0625
    173   165                        0.0625
    174   165                       -0.0625
    190   165                        0.0625
    191   165                       -0.0625
    462   165            0.0624999999999999
    463   165            0.0624999999999999
    479   165           -0.0624999999999999
    480   165           -0.0624999999999999
    174   166                        0.0625
    175   166                       -0.0625
    191   166                        0.0625
    192   166                       -0.0625
    463   166                        0.0625
    464   166                        0.0625
    480   166                       -0.0625
    481   166                       -0.0625
    191   167                        0.0625
    192   167                       -0.0625
    208   167                        0.0625
    209   167                       -0.0625
    480   167                        0.0625
    481   167                        0.0625
    497   167                       -0.0625
    498   167                       -0.0625
    190   168                        0.0625
    191   168                       -0.0625
    207   168                        0.0625
    208   168                       -0.0625
    479   168            0.0624999999999999
    480   168            0.0624999999999999
    496   168           -0.0624999999999999
    497   168           -0.0624999999999999
    175   169                        0.0625
    176   169                       -0.0625
    192   169                        0.0625
    193   169                       -0.0625
    464   169                        0.0625
    465   169                        0.0625
    481   169                       -0.0625
    482   169                       -0.0625
    176   170                        0.0625
    177   170                       -0.0625
    193   170                        0.0625
    194   170                       -0.0625
    465   170                        0.0625
    466   170                        0.0625
    482   170                       -0.0625
    483   170                       -0.0625
    193   171                        0.0625
    194   171                       -0.0625
    210   171                        0.0625
    211   171                       -0.0625
    482   171                        0.0625
    483   171                        0.0625
    499   171                       -0.0625
    500   171                       -0.0625
    192   172                        0.0625
    193   172                       -0.0625
    209   172                        0.0625
    210   172                       -0.0625
    481   172                        0.0625
    482   172                        0.0625
    498   172                       -0.0625
    499   172                       -0.0625
    177   173                        0.0625
    178   173                       -0.0625
    194   173                        0.0625
    195   173                       -0.0625
    466   173                        0.0625
    467   173                        0.0625
    483   173                       -0.0625
    484   173                       -0.0625
    178   174                        0.0625
    179   174                       -0.0625
    195   174                        0.0625
    196   174                       -0.0625
    467   174                        0.0625
    468   174                        0.0625
    484   174                       -0.0625
    485   174                       -0.0625
    195   175                        0.0625
    196   175                       -0.0625
    212   175                        0.0625
    213   175                       -0.0625
    484   175                        0.0625
    485   175                        0.0625
    501   175                       -0.0625
    502   175                       -0.0625
    194   176                        0.0625
    195   176                       -0.0625
    211   176                        0.0625
    212   176                       -0.0625
    483   176                        0.0625
    484   176                        0.0625
    500   176                       -0.0625
    501   176                       -0.0625
    179   177                        0.0625
    180   177                       -0.0625
    196   177                        0.0625
    197   177                       -0.0625
    468   177                        0.0625
    469   177                        0.0625
    485   177                       -0.0625
    486   177                       -0.0625
    180   178                        0.0625
    181   178                       -0.0625
    197   178                        0.0625
    198   178                       -0.0625
    469   178                        0.0625
    470   178                        0.0625
    486   178                       -0.0625
    487   178                       -0.0625
    197   179                        0.0625
    198   179                       -0.0625
    214   179                        0.0625
    215   179                       -0.0625
    486   179                        0.0625
    487   179                        0.0625
    503   179                       -0.0625
    504   179                       -0.0625
    196   180                        0.0625
    197   180                       -0.0625
    213   180                        0.0625
    214   180                       -0.0625
    485   180                        0.0625
    486   180                        0.0625
    502   180                       -0.0625
    503   180                       -0.0625
    181   181                        0.0625
    182   181                       -0.0625
    198   181                        0.0625
    199   181                       -0.0625
    470   181                        0.0625
    471   181                        0.0625
    487   181                       -0.0625
    488   181                       -0.0625
    182   182                        0.0625
    183   182                       -0.0625
    199   182                        0.0625
    200   182                       -0.0625
    471   182                        0.0625
    472   182                        0.0625
    488   182                       -0.0625
    489   182                       -0.0625
    199   183                        0.0625
    200   183                       -0.0625
    216   183                        0.0625
    217   183                       -0.0625
    488   183                        0.0625
    489   183                        0.0625
    505   183                       -0.0625
    506   183                       -0.0625
    198   184                        0.0625
    199   184                       -0.0625
    215   184                        0.0625
    216   184                       -0.0625
    487   184                        0.0625
    488   184                        0.0625
    504   184                       -0.0625
    505   184                       -0.0625
    183   185                        0.0625
    184   185                       -0.0625
    200   185                        0.0625
    201   185                       -0.0625
    472   185                        0.0625
    473   185                        0.0625
    489   185                       -0.0625
    490   185                       -0.0625
    184   186                        0.0625
    185   186                       -0.0625
    201   186                        0.0625
    202   186                       -0.0625
    473   186            0.0624999999999999
    474   186            0.0624999999999999
    490   186           -0.0624999999999999
    491   186           -0.0624999999999999
    201   187                        0.0625
    202   187                       -0.0625
    218   187                        0.0625
    219   187                       -0.0625
    490   187            0.0624999999999999
    491   187            0.0624999999999999
    507   187           -0.0624999999999999
    508   187           -0.0624999999999999
    200   188                        0.0625
    201   188                       -0.0625
    217   188                        0.0625
    218   188                       -0.0625
    489   188                        0.0625
    490   188                        0.0625
    506   188                       -0.0625
    507   188                       -0.0625
    185   189                        0.0625
    186   189                       -0.0625
    202   189                        0.0625
    203   189                       -0.0625
    474   189                        0.0625
    475   189                        0.0625
    491   189                       -0.0625
    492   189                       -0.0625
    186   190                        0.0625
    203   190                        0.0625
    475   190                        0.0625
    492   190                       -0.0625
    203   191                        0.0625
    220   191                        0.0625
    492   191                        0.0625
    509   191                       -0.0625
    202   192                        0.0625
    203   192                       -0.0625
    219   192                        0.0625
    220   192                       -0.0625
    491   192                        0.0625
    492   192                        0.0625
    508   192                       -0.0625
    509   192                       -0.0625
    206   193                       -0.0625
    223   193                       -0.0625
    495   193                        0.0625
    512   193                       -0.0625
    206   194                        0.0625
    207   194                       -0.0625
    223   194                        0.0625
    224   194                       -0.0625
    495   194                        0.0625
    496   194                        0.0625
    512   194                       -0.0625
    513   194                       -0.0625
    223   195            0.0624999999999999
    224   195           -0.0624999999999999
    240   195            0.0624999999999999
    241   195           -0.0624999999999999
    512   195                        0.0625
    513   195                        0.0625
    529   195                       -0.0625
    530   195                       -0.0625
    223   196           -0.0624999999999999
    240   196           -0.0624999999999999
    512   196                        0.0625
    529   196                       -0.0625
    207   197                        0.0625
    208   197                       -0.0625
    224   197                        0.0625
    225   197                       -0.0625
    496   197            0.0624999999999999
    497   197            0.0624999999999999
    513   197           -0.0624999999999999
    514   197           -0.0624999999999999
    208   198                        0.0625
    209   198                       -0.0625
    225   198                        0.0625
    226   198                       -0.0625
    497   198                        0.0625
    498   198                        0.0625
    514   198                       -0.0625
    515   198                       -0.0625
    225   199            0.0624999999999999
    226   199           -0.0624999999999999
    242   199            0.0624999999999999
    243   199           -0.0624999999999999
    514   199                        0.0625
    515   199                        0.0625
    531   199                       -0.0625
    532   199                       -0.0625
    224   200            0.0624999999999999
    225   200           -0.0624999999999999
    241   200            0.0624999999999999
    242   200           -0.0624999999999999
    513   200            0.0624999999999999
    514   200            0.0624999999999999
    530   200           -0.0624999999999999
    531   200           -0.0624999999999999
    209   201                        0.0625
    210   201                       -0.0625
    226   201                        0.0625
    227   201                       -0.0625
    498   201                        0.0625
    499   201                        0.0625
    515   201                       -0.0625
    516   201                       -0.0625
    210   202                        0.0625
    211   202                       -0.0625
    227   202                        0.0625
    228   202                       -0.0625
    499   202                        0.0625
    500   202                        0.0625
    516   202                       -0.0625
    517   202                       -0.0625
    227   203            0.0624999999999999
    228   203           -0.0624999999999999
    244   203            0.0624999999999999
    245   203           -0.0624999999999999
    516   203                        0.0625
    517   203                        0.0625
    533   203                       -0.0625
    534   203                       -0.0625
    226   204            0.0624999999999999
    227   204           -0.0624999999999999
    243   204            0.0624999999999999
    244   204           -0.0624999999999999
    515   204                        0.0625
    516   204                        0.0625
    532   204                       -0.0625
    533   204                       -0.0625
    211   205                        0.0625
    212   205                       -0.0625
    228   205                        0.0625
    229   205                       -0.0625
    500   205                        0.0625
    501   205                        0.0625
    517   205                       -0.0625
    518   205                       -0.0625
    212   206                        0.0625
    213   206                       -0.0625
    229   206                        0.0625
    230   206                       -0.0625
    501   206                        0.0625
    502   206                        0.0625
    518   206                       -0.0625
    519   206                       -0.0625
    229   207            0.0624999999999999
    230   207           -0.0624999999999999
    246   207            0.0624999999999999
    247   207           -0.0624999999999999
    518   207                        0.0625
    519   207                        0.0625
    535   207                       -0.0625
    536   207                       -0.0625
    228   208            0.0624999999999999
    229   208           -0.0624999999999999
    245   208            0.0624999999999999
    246   208           -0.0624999999999999
    517   208                        0.0625
    518   208                        0.0625
    534   208                       -0.0625
    535   208                       -0.0625
    213   209                        0.0625
    214   209                       -0.0625
    230   209                        0.0625
    231   209                       -0.0625
    502   209                        0.0625
    503   209                        0.0625
    519   209                       -0.0625
    520   209                       -0.0625
    214   210                        0.0625
    215   210                       -0.0625
    231   210                        0.0625
    232   210                       -0.0625
    503   210                        0.0625
    504   210                        0.0625
    520   210                       -0.0625
    521   210                       -0.0625
    231   211            0.0624999999999999
    232   211           -0.0624999999999999
    248   211            0.0624999999999999
    249   211           -0.0624999999999999
    520   211                        0.0625
    521   211                        0.0625
    537   211                       -0.0625
    538   211                       -0.0625
    230   212            0.0624999999999999
    231   212           -0.0624999999999999
    247   212            0.0624999999999999
    248   212           -0.0624999999999999
    519   212                        0.0625
    520   212                        0.0625
    536   212                       -0.0625
    537   212                       -0.0625
    215   213                        0.0625
    216   213                       -0.0625
    232   213                        0.0625
    233   213                       -0.0625
    504   213                        0.0625
    505   213                        0.0625
    521   213                       -0.0625
    522   213                       -0.0625
    216   214                        0.0625
    217   214                       -0.0625
    233   214                        0.0625
    234   214                       -0.0625
    505   214                        0.0625
    506   214                        0.0625
    522   214                       -0.0625
    523   214                       -0.0625
    233   215            0.0624999999999999
    234   215           -0.0624999999999999
    250   215            0.0624999999999999
    251   215           -0.0624999999999999
    522   215                        0.0625
    523   215                        0.0625
    539   215                       -0.0625
    540   215                       -0.0625
    232   216            0.0624999999999999
    233   216           -0.0624999999999999
    249   216            0.0624999999999999
    250   216           -0.0624999999999999
    521   216                        0.0625
    522   216                        0.0625
    538   216                       -0.0625
    539   216                       -0.0625
    217   217                        0.0625
    218   217                       -0.0625
    234   217                        0.0625
    235   217                       -0.0625
    506   217                        0.0625
    507   217                        0.0625
    523   217                       -0.0625
    524   217                       -0.0625
    218   218                        0.0625
    219   218                       -0.0625
    235   218                        0.0625
    236   218                       -0.0625
    507   218            0.0624999999999999
    508   218            0.0624999999999999
    524   218           -0.0624999999999999
    525   218           -0.0624999999999999
    235   219            0.0624999999999999
    236   219           -0.0624999999999999
    252   219            0.0624999999999999
    253   219           -0.0624999999999999
    524   219            0.0624999999999999
    525   219            0.0624999999999999
    541   219           -0.0624999999999999
    542   219           -0.0624999999999999
    234   220            0.0624999999999999
    235   220           -0.0624999999999999
    251   220            0.0624999999999999
    252   220           -0.0624999999999999
    523   220                        0.0625
    524   220                        0.0625
    540   220                       -0.0625
    541   220                       -0.0625
    219   221                        0.0625
    220   221                       -0.0625
    236   221                        0.0625
    237   221                       -0.0625
    508   221                        0.0625
    509   221                        0.0625
    525   221                       -0.0625
    526   221                       -0.0625
    220   222                        0.0625
    237   222                        0.0625
    509   222                        0.0625
    526   222                       -0.0625
    237   223            0.0624999999999999
    254   223            0.0624999999999999
    526   223                        0.0625
    543   223                       -0.0625
    236   224            0.0624999999999999
    237   224           -0.0624999999999999
    253   224            0.0624999999999999
    254   224           -0.0624999999999999
    525   224                        0.0625
    526   224                        0.0625
    542   224                       -0.0625
    543   224                       -0.0625
    240   225                       -0.0625
    257   225                       -0.0625
    529   225                        0.0625
    546   225                       -0.0625
    240   226                        0.0625
    241   226                       -0.0625
    257   226                        0.0625
    258   226                       -0.0625
    529   226                        0.0625
    530   226                        0.0625
    546   226                       -0.0625
    547   226                       -0.0625
    257   227                        0.0625
    258   227                       -0.0625
    546   227                        0.0625
    547   227                        0.0625
    257   228                       -0.0625
    546   228                        0.0625
    241   229                        0.0625
    242   229                       -0.0625
    258   229                        0.0625
    259   229                       -0.0625
    530   229            0.0624999999999999
    531   229            0.0624999999999999
    547   229           -0.0624999999999999
    548   229           -0.0624999999999999
    242   230                        0.0625
    243   230                       -0.0625
    259   230                        0.0625
    260   230                       -0.0625
    531   230                        0.0625
    532   230                        0.0625
    548   230                       -0.0625
    549   230                       -0.0625
    259   231                        0.0625
    260   231                       -0.0625
    548   231                        0.0625
    549   231                        0.0625
    258   232                        0.0625
    259   232                       -0.0625
    547   232            0.0624999999999999
    548   232            0.0624999999999999
    243   233                        0.0625
    244   233                       -0.0625
    260   233                        0.0625
    261   233                       -0.0625
    532   233                        0.0625
    533   233                        0.0625
    549   233                       -0.0625
    550   233                       -0.0625
    244   234                        0.0625
    245   234                       -0.0625
    261   234                        0.0625
    262   234                       -0.0625
    533   234                        0.0625
    534   234                        0.0625
    550   234                       -0.0625
    551   234                       -0.0625
    261   235                        0.0625
    262   235                       -0.0625
    550   235                        0.0625
    551   235                        0.0625
    260   236                        0.0625
    261   236                       -0.0625
    549   236                        0.0625
    550   236                        0.0625
    245   237                        0.0625
    246   237                       -0.0625
    262   237                        0.0625
    263   237                       -0.0625
    534   237                        0.0625
    535   237                        0.0625
    551   237                       -0.0625
    552   237                       -0.0625
    246   238                        0.0625
    247   238                       -0.0625
    263   238                        0.0625
    264   238                       -0.0625
    535   238                        0.0625
    536   238                        0.0625
    552   238                       -0.0625
    553   238                       -0.0625
    263   239                        0.0625
    264   239                       -0.0625
    552   239                        0.0625
    553   239                        0.0625
    262   240                        0.0625
    263   240                       -0.0625
    551   240                        0.0625
    552   240                        0.0625
    247   241                        0.0625
    248   241                       -0.0625
    264   241                        0.0625
    265   241                       -0.0625
    536   241                        0.0625
    537   241                        0.0625
    553   241                       -0.0625
    554   241                       -0.0625
    248   242                        0.0625
    249   242                       -0.0625
    265   242                        0.0625
    266   242                       -0.0625
    537   242                        0.0625
    538   242                        0.0625
    554   242                       -0.0625
    555   242                       -0.0625
    265   243                        0.0625
    266   243                       -0.0625
    554   243                        0.0625
    555   243                        0.0625
    264   244                        0.0625
    265   244                       -0.0625
    553   244                        0.0625
    554   244                        0.0625
    249   245                        0.0625
    250   245                       -0.0625
    266   245                        0.0625
    267   245                       -0.0625
    538   245                        0.0625
    539   245                        0.0625
    555   245                       -0.0625
    556   245                       -0.0625
    250   246                        0.0625
    251   246                       -0.0625
    267   246                        0.0625
    268   246                       -0.0625
    539   246                        0.0625
    540   246                        0.0625
    556   246                       -0.0625
    557   246                       -0.0625
    267   247                        0.0625
    268   247                       -0.0625
    556   247                        0.0625
    557   247                        0.0625
    266   248                        0.0625
    267   248                       -0.0625
    555   248                        0.0625
    556   248                        0.0625
    251   249                        0.0625
    252   249                       -0.0625
    268   249                        0.0625
    269   249                       -0.0625
    540   249                        0.0625
    541   249                        0.0625
    557   249                       -0.0625
    558   249                       -0.0625
    252   250                        0.0625
    253   250                       -0.0625
    269   250                        0.0625
    270   250                       -0.0625
    541   250            0.0624999999999999
    542   250            0.0624999999999999
    558   250           -0.0624999999999999
    559   250           -0.0624999999999999
    269   251                        0.0625
    270   251                       -0.0625
    558   251            0.0624999999999999
    559   251            0.0624999999999999
    268   252                        0.0625
    269   252                       -0.0625
    557   252                        0.0625
    558   252                        0.0625
    253   253                        0.0625
    254   253                       -0.0625
    270   253                        0.0625
    271   253                       -0.0625
    542   253                        0.0625
    543   253                        0.0625
    559   253                       -0.0625
    560   253                       -0.0625
    254   254                        0.0625
    271   254                        0.0625
    543   254                        0.0625
    560   254                       -0.0625
    271   255                        0.0625
    560   255                        0.0625
    270   256                        0.0625
    271   256                       -0.0625
    559   256                        0.0625
    560   256                        0.0625