      1   1                         0.03125
      2   1                       -0.015625
      4   1                       -0.015625
      1   2                       -0.015625
      2   2                         0.03125
      3   2                       -0.015625
      2   3                       -0.015625
      3   3                         0.03125
      4   3                       -0.015625
      1   4                       -0.015625
      3   4                       -0.015625
      4   4                         0.03125
      5   5                         0.03125
      6   5                       -0.015625
      8   5                       -0.015625
      5   6                       -0.015625
      6   6                         0.03125
      7   6                       -0.015625
      6   7                       -0.015625
      7   7                         0.03125
      8   7                       -0.015625
      5   8                       -0.015625
      7   8                       -0.015625
      8   8                         0.03125
      9   9                         0.03125
     10   9                       -0.015625
     12   9                       -0.015625
      9   10                      -0.015625
     10   10                        0.03125
     11   10                      -0.015625
     10   11                      -0.015625
     11   11                        0.03125
     12   11                      -0.015625
      9   12                      -0.015625
     11   12                      -0.015625
     12   12                        0.03125
     13   13                        0.03125
     14   13                      -0.015625
     16   13                      -0.015625
     13   14                      -0.015625
     14   14                        0.03125
     15   14                      -0.015625
     14   15                      -0.015625
     15   15                        0.03125
     16   15                      -0.015625
     13   16                      -0.015625
     15   16                      -0.015625
     16   16                        0.03125
     17   17                        0.03125
     18   17                      -0.015625
     20   17                      -0.015625
     17   18                      -0.015625
     18   18                        0.03125
     19   18                      -0.015625
     18   19                      -0.015625
     19   19                        0.03125
     20   19                      -0.015625
     17   20                      -0.015625
     19   20                      -0.015625
     20   20                        0.03125
     21   21                        0.03125
     22   21                      -0.015625
     24   21                      -0.015625
     21   22                      -0.015625
     22   22                        0.03125
     23   22                      -0.015625
     22   23                      -0.015625
     23   23                        0.03125
     24   23                      -0.015625
     21   24                      -0.015625
     23   24                      -0.015625
     24   24                        0.03125
     25   25                        0.03125
     26   25                      -0.015625
     28   25                      -0.015625
     25   26                      -0.015625
     26   26                        0.03125
     27   26                      -0.015625
     26   27                      -0.015625
     27   27                        0.03125
     28   27                      -0.015625
     25   28                      -0.015625
     27   28                      -0.015625
     28   28                        0.03125
     29   29                        0.03125
     30   29                      -0.015625
     32   29                      -0.015625
     29   30                      -0.015625
     30   30                        0.03125
     31   30                      -0.015625
     30   31                      -0.015625
     31   31                        0.03125
     32   31                      -0.015625
     29   32                      -0.015625
     31   32                      -0.015625
     32   32                        0.03125
     33   33                        0.03125
     34   33                      -0.015625
     36   33                      -0.015625
     33   34                      -0.015625
     34   34                        0.03125
     35   34                      -0.015625
     34   35                      -0.015625
     35   35                        0.03125
     36   35                      -0.015625
     33   36                      -0.015625
     35   36                      -0.015625
     36   36                        0.03125
     37   37                        0.03125
     38   37                      -0.015625
     40   37                      -0.015625
     37   38                      -0.015625
     38   38                        0.03125
     39   38                      -0.015625
     38   39                      -0.015625
     39   39                        0.03125
     40   39                      -0.015625
     37   40                      -0.015625
     39   40                      -0.015625
     40   40                        0.03125
     41   41                        0.03125
     42   41                      -0.015625
     44   41                      -0.015625
     41   42                      -0.015625
     42   42                        0.03125
     43   42                      -0.015625
     42   43                      -0.015625
     43   43                        0.03125
     44   43                      -0.015625
     41   44                      -0.015625
     43   44                      -0.015625
     44   44                        0.03125
     45   45                        0.03125
     46   45                      -0.015625
     48   45                      -0.015625
     45   46                      -0.015625
     46   46                        0.03125
     47   46                      -0.015625
     46   47                      -0.015625
     47   47                        0.03125
     48   47                      -0.015625
     45   48                      -0.015625
     47   48                      -0.015625
     48   48                        0.03125
     49   49                        0.03125
     50   49                      -0.015625
     52   49                      -0.015625
     49   50                      -0.015625
     50   50                        0.03125
     51   50                      -0.015625
     50   51                      -0.015625
     51   51                        0.03125
     52   51                      -0.015625
     49   52                      -0.015625
     51   52                      -0.015625
     52   52                        0.03125
     53   53                        0.03125
     54   53                      -0.015625
     56   53                      -0.015625
     53   54                      -0.015625
     54   54                        0.03125
     55   54                      -0.015625
     54   55                      -0.015625
     55   55                        0.03125
     56   55                      -0.015625
     53   56                      -0.015625
     55   56                      -0.015625
     56   56                        0.03125
     57   57                        0.03125
     58   57                      -0.015625
     60   57                      -0.015625
     57   58                      -0.015625
     58   58                        0.03125
     59   58                      -0.015625
     58   59                      -0.015625
     59   59                        0.03125
     60   59                      -0.015625
     57   60                      -0.015625
     59   60                      -0.015625
     60   60                        0.03125
     61   61                        0.03125
     62   61                      -0.015625
     64   61                      -0.015625
     61   62                      -0.015625
     62   62                        0.03125
     63   62                      -0.015625
     62   63                      -0.015625
     63   63                        0.03125
     64   63                      -0.015625
     61   64                      -0.015625
     63   64                      -0.015625
     64   64                        0.03125
     65   65                        0.03125
     66   65                      -0.015625
     68   65                      -0.015625
     65   66                      -0.015625
     66   66                        0.03125
     67   66                      -0.015625
     66   67                      -0.015625
     67   67                        0.03125
     68   67                      -0.015625
     65   68                      -0.015625
     67   68                      -0.015625
     68   68                        0.03125
     69   69                        0.03125
     70   69                      -0.015625
     72   69                      -0.015625
     69   70                      -0.015625
     70   70                        0.03125
     71   70                      -0.015625
     70   71                      -0.015625
     71   71                        0.03125
     72   71                      -0.015625
     69   72                      -0.015625
     71   72                      -0.015625
     72   72                        0.03125
     73   73                        0.03125
     74   73                      -0.015625
     76   73                      -0.015625
     73   74                      -0.015625
     74   74                        0.03125
     75   74                      -0.015625
     74   75                      -0.015625
     75   75                        0.03125
     76   75                      -0.015625
     73   76                      -0.015625
     75   76                      -0.015625
     76   76                        0.03125
     77   77                        0.03125
     78   77                      -0.015625
     80   77                      -0.015625
     77   78                      -0.015625
     78   78                        0.03125
     79   78                      -0.015625
     78   79                      -0.015625
     79   79                        0.03125
     80   79                      -0.015625
     77   80                      -0.015625
     79   80                      -0.015625
     80   80                        0.03125
     81   81                        0.03125
     82   81                      -0.015625
     84   81                      -0.015625
     81   82                      -0.015625
     82   82                        0.03125
     83   82                      -0.015625
     82   83                      -0.015625
     83   83                        0.03125
     84   83                      -0.015625
     81   84                      -0.015625
     83   84                      -0.015625
     84   84                        0.03125
     85   85                        0.03125
     86   85                      -0.015625
     88   85                      -0.015625
     85   86                      -0.015625
     86   86                        0.03125
     87   86                      -0.015625
     86   87                      -0.015625
     87   87                        0.03125
     88   87                      -0.015625
     85   88                      -0.015625
     87   88                      -0.015625
     88   88                        0.03125
     89   89                        0.03125
     90   89                      -0.015625
     92   89                      -0.015625
     89   90                      -0.015625
     90   90                        0.03125
     91   90                      -0.015625
     90   91                      -0.015625
     91   91                        0.03125
     92   91                      -0.015625
     89   92                      -0.015625
     91   92                      -0.015625
     92   92                        0.03125
     93   93                        0.03125
     94   93                      -0.015625
     96   93                      -0.015625
     93   94                      -0.015625
     94   94                        0.03125
     95   94                      -0.015625
     94   95                      -0.015625
     95   95                        0.03125
     96   95                      -0.015625
     93   96                      -0.015625
     95   96                      -0.015625
     96   96                        0.03125
     97   97                        0.03125
     98   97                      -0.015625
    100   97                      -0.015625
     97   98                      -0.015625
     98   98                        0.03125
     99   98                      -0.015625
     98   99                      -0.015625
     99   99                        0.03125
    100   99                      -0.015625
     97   100                     -0.015625
     99   100                     -0.015625
    100   100                       0.03125
    101   101                       0.03125
    102   101                     -0.015625
    104   101                     -0.015625
    101   102                     -0.015625
    102   102                       0.03125
    103   102                     -0.015625
    102   103                     -0.015625
    103   103                       0.03125
    104   103                     -0.015625
    101   104                     -0.015625
    103   104                     -0.015625
    104   104                       0.03125
    105   105                       0.03125
    106   105                     -0.015625
    108   105                     -0.015625
    105   106                     -0.015625
    106   106                       0.03125
    107   106                     -0.015625
    106   107                     -0.015625
    107   107                       0.03125
    108   107                     -0.015625
    105   108                     -0.015625
    107   108                     -0.015625
    108   108                       0.03125
    109   109                       0.03125
    110   109                     -0.015625
    112   109                     -0.015625
    109   110                     -0.015625
    110   110                       0.03125
    111   110                     -0.015625
    110   111                     -0.015625
    111   111                       0.03125
    112   111                     -0.015625
    109   112                     -0.015625
    111   112                     -0.015625
    112   112                       0.03125
    113   113                       0.03125
    114   113                     -0.015625
    116   113                     -0.015625
    113   114                     -0.015625
    114   114                       0.03125
    115   114                     -0.015625
    114   115                     -0.015625
    115   115                       0.03125
    116   115                     -0.015625
    113   116                     -0.015625
    115   116                     -0.015625
    116   116                       0.03125
    117   117                       0.03125
    118   117                     -0.015625
    120   117                     -0.015625
    117   118                     -0.015625
    118   118                       0.03125
    119   118                     -0.015625
    118   119                     -0.015625
    119   119                       0.03125
    120   119                     -0.015625
    117   120                     -0.015625
    119   120                     -0.015625
    120   120                       0.03125
    121   121                       0.03125
    122   121                     -0.015625
    124   121                     -0.015625
    121   122                     -0.015625
    122   122                       0.03125
    123   122                     -0.015625
    122   123                     -0.015625
    123   123                       0.03125
    124   123                     -0.015625
    121   124                     -0.015625
    123   124                     -0.015625
    124   124                       0.03125
    125   125                       0.03125
    126   125                     -0.015625
    128   125                     -0.015625
    125   126                     -0.015625
    126   126                       0.03125
    127   126                     -0.015625
    126   127                     -0.015625
    127   127                       0.03125
    128   127                     -0.015625
    125   128                     -0.015625
    127   128                     -0.015625
    128   128                       0.03125
    129   129                       0.03125
    130   129                     -0.015625
    132   129                     -0.015625
    129   130                     -0.015625
    130   130                       0.03125
    131   130                     -0.015625
    130   131                     -0.015625
    131   131                       0.03125
    132   131                     -0.015625
    129   132                     -0.015625
    131   132                     -0.015625
    132   132                       0.03125
    133   133                       0.03125
    134   133                     -0.015625
    136   133                     -0.015625
    133   134                     -0.015625
    134   134                       0.03125
    135   134                     -0.015625
    134   135                     -0.015625
    135   135                       0.03125
    136   135                     -0.015625
    133   136                     -0.015625
    135   136                     -0.015625
    136   136                       0.03125
    137   137                       0.03125
    138   137                     -0.015625
    140   137                     -0.015625
    137   138                     -0.015625
    138   138                       0.03125
    139   138                     -0.015625
    138   139                     -0.015625
    139   139                       0.03125
    140   139                     -0.015625
    137   140                     -0.015625
    139   140                     -0.015625
    140   140                       0.03125
    141   141                       0.03125
    142   141                     -0.015625
    144   141                     -0.015625
    141   142                     -0.015625
    142   142                       0.03125
    143   142                     -0.015625
    142   143                     -0.015625
    143   143                       0.03125
    144   143                     -0.015625
    141   144                     -0.015625
    143   144                     -0.015625
    144   144                       0.03125
    145   145                       0.03125
    146   145                     -0.015625
    148   145                     -0.015625
    145   146                     -0.015625
    146   146                       0.03125
    147   146                     -0.015625
    146   147                     -0.015625
    147   147                       0.03125
    148   147                     -0.015625
    145   148                     -0.015625
    147   148                     -0.015625
    148   148                       0.03125
    149   149                       0.03125
    150   149                     -0.015625
    152   149                     -0.015625
    149   150                     -0.015625
    150   150                       0.03125
    151   150                     -0.015625
    150   151                     -0.015625
    151   151                       0.03125
    152   151                     -0.015625
    149   152                     -0.015625
    151   152                     -0.015625
    152   152                       0.03125
    153   153                       0.03125
    154   153                     -0.015625
    156   153                     -0.015625
    153   154                     -0.015625
    154   154                       0.03125
    155   154                     -0.015625
    154   155                     -0.015625
    155   155                       0.03125
    156   155                     -0.015625
    153   156                     -0.015625
    155   156                     -0.015625
    156   156                       0.03125
    157   157                       0.03125
    158   157                     -0.015625
    160   157                     -0.015625
    157   158                     -0.015625
    158   158                       0.03125
    159   158                     -0.015625
    158   159                     -0.015625
    159   159                       0.03125
    160   159                     -0.015625
    157   160                     -0.015625
    159   160                     -0.015625
    160   160                       0.03125
    161   161                       0.03125
    162   161                     -0.015625
    164   161                     -0.015625
    161   162                     -0.015625
    162   162                       0.03125
    163   162                     -0.015625
    162   163                     -0.015625
    163   163                       0.03125
    164   163                     -0.015625
    161   164                     -0.015625
    163   164                     -0.015625
    164   164                       0.03125
    165   165                       0.03125
    166   165                     -0.015625
    168   165                     -0.015625
    165   166                     -0.015625
    166   166                       0.03125
    167   166                     -0.015625
    166   167                     -0.015625
    167   167                       0.03125
    168   167                     -0.015625
    165   168                     -0.015625
    167   168                     -0.015625
    168   168                       0.03125
    169   169                       0.03125
    170   169                     -0.015625
    172   169                     -0.015625
    169   170                     -0.015625
    170   170                       0.03125
    171   170                     -0.015625
    170   171                     -0.015625
    171   171                       0.03125
    172   171                     -0.015625
    169   172                     -0.015625
    171   172                     -0.015625
    172   172                       0.03125
    173   173                       0.03125
    174   173                     -0.015625
    176   173                     -0.015625
    173   174                     -0.015625
    174   174                       0.03125
    175   174                     -0.015625
    174   175                     -0.015625
    175   175                       0.03125
    176   175                     -0.015625
    173   176                     -0.015625
    175   176                     -0.015625
    176   176                       0.03125
    177   177                       0.03125
    178   177                     -0.015625
    180   177                     -0.015625
    177   178                     -0.015625
    178   178                       0.03125
    179   178                     -0.015625
    178   179                     -0.015625
    179   179                       0.03125
    180   179                     -0.015625
    177   180                     -0.015625
    179   180                     -0.015625
    180   180                       0.03125
    181   181                       0.03125
    182   181                     -0.015625
    184   181                     -0.015625
    181   182                     -0.015625
    182   182                       0.03125
    183   182                     -0.015625
    182   183                     -0.015625
    183   183                       0.03125
    184   183                     -0.015625
    181   184                     -0.015625
    183   184                     -0.015625
    184   184                       0.03125
    185   185                       0.03125
    186   185                     -0.015625
    188   185                     -0.015625
    185   186                     -0.015625
    186   186                       0.03125
    187   186                     -0.015625
    186   187                     -0.015625
    187   187                       0.03125
    188   187                     -0.015625
    185   188                     -0.015625
    187   188                     -0.015625
    188   188                       0.03125
    189   189                       0.03125
    190   189                     -0.015625
    192   189                     -0.015625
    189   190                     -0.015625
    190   190                       0.03125
    191   190                     -0.015625
    190   191                     -0.015625
    191   191                       0.03125
    192   191                     -0.015625
    189   192                     -0.015625
    191   192                     -0.015625
    192   192                       0.03125
    193   193                       0.03125
    194   193                     -0.015625
    196   193                     -0.015625
    193   194                     -0.015625
    194   194                       0.03125
    195   194                     -0.015625
    194   195                     -0.015625
    195   195                       0.03125
    196   195                     -0.015625
    193   196                     -0.015625
    195   196                     -0.015625
    196   196                       0.03125
    197   197                       0.03125
    198   197                     -0.015625
    200   197                     -0.015625
    197   198                     -0.015625
    198   198                       0.03125
    199   198                     -0.015625
    198   199                     -0.015625
    199   199                       0.03125
    200   199                     -0.015625
    197   200                     -0.015625
    199   200                     -0.015625
    200   200                       0.03125
    201   201                       0.03125
    202   201                     -0.015625
    204   201                     -0.015625
    201   202                     -0.015625
    202   202                       0.03125
    203   202                     -0.015625
    202   203                     -0.015625
    203   203                       0.03125
    204   203                     -0.015625
    201   204                     -0.015625
    203   204                     -0.015625
    204   204                       0.03125
    205   205                       0.03125
    206   205                     -0.015625
    208   205                     -0.015625
    205   206                     -0.015625
    206   206                       0.03125
    207   206                     -0.015625
    206   207                     -0.015625
    207   207                       0.03125
    208   207                     -0.015625
    205   208                     -0.015625
    207   208                     -0.015625
    208   208                       0.03125
    209   209                       0.03125
    210   209                     -0.015625
    212   209                     -0.015625
    209   210                     -0.015625
    210   210                       0.03125
    211   210                     -0.015625
    210   211                     -0.015625
    211   211                       0.03125
    212   211                     -0.015625
    209   212                     -0.015625
    211   212                     -0.015625
    212   212                       0.03125
    213   213                       0.03125
    214   213                     -0.015625
    216   213                     -0.015625
    213   214                     -0.015625
    214   214                       0.03125
    215   214                     -0.015625
    214   215                     -0.015625
    215   215                       0.03125
    216   215                     -0.015625
    213   216                     -0.015625
    215   216                     -0.015625
    216   216                       0.03125
    217   217                       0.03125
    218   217                     -0.015625
    220   217                     -0.015625
    217   218                     -0.015625
    218   218                       0.03125
    219   218                     -0.015625
    218   219                     -0.015625
    219   219                       0.03125
    220   219                     -0.015625
    217   220                     -0.015625
    219   220                     -0.015625
    220   220                       0.03125
    221   221                       0.03125
    222   221                     -0.015625
    224   221                     -0.015625
    221   222                     -0.015625
    222   222                       0.03125
    223   222                     -0.015625
    222   223                     -0.015625
    223   223                       0.03125
    224   223                     -0.015625
    221   224                     -0.015625
    223   224                     -0.015625
    224   224                       0.03125
    225   225                       0.03125
    226   225                     -0.015625
    228   225                     -0.015625
    225   226                     -0.015625
    226   226                       0.03125
    227   226                     -0.015625
    226   227                     -0.015625
    227   227                       0.03125
    228   227                     -0.015625
    225   228                     -0.015625
    227   228                     -0.015625
    228   228                       0.03125
    229   229                       0.03125
    230   229                     -0.015625
    232   229                     -0.015625
    229   230                     -0.015625
    230   230                       0.03125
    231   230                     -0.015625
    230   231                     -0.015625
    231   231                       0.03125
    232   231                     -0.015625
    229   232                     -0.015625
    231   232                     -0.015625
    232   232                       0.03125
    233   233                       0.03125
    234   233                     -0.015625
    236   233                     -0.015625
    233   234                     -0.015625
    234   234                       0.03125
    235   234                     -0.015625
    234   235                     -0.015625
    235   235                       0.03125
    236   235                     -0.015625
    233   236                     -0.015625
    235   236                     -0.015625
    236   236                       0.03125
    237   237                       0.03125
    238   237                     -0.015625
    240   237                     -0.015625
    237   238                     -0.015625
    238   238                       0.03125
    239   238                     -0.015625
    238   239                     -0.015625
    239   239                       0.03125
    240   239                     -0.015625
    237   240                     -0.015625
    239   240                     -0.015625
    240   240                       0.03125
    241   241                       0.03125
    242   241                     -0.015625
    244   241                     -0.015625
    241   242                     -0.015625
    242   242                       0.03125
    243   242                     -0.015625
    242   243                     -0.015625
    243   243                       0.03125
    244   243                     -0.015625
    241   244                     -0.015625
    243   244                     -0.015625
    244   244                       0.03125
    245   245                       0.03125
    246   245                     -0.015625
    248   245                     -0.015625
    245   246                     -0.015625
    246   246                       0.03125
    247   246                     -0.015625
    246   247                     -0.015625
    247   247                       0.03125
    248   247                     -0.015625
    245   248                     -0.015625
    247   248                     -0.015625
    248   248                       0.03125
    249   249                       0.03125
    250   249                     -0.015625
    252   249                     -0.015625
    249   250                     -0.015625
    250   250                       0.03125
    251   250                     -0.015625
    250   251                     -0.015625
    251   251                       0.03125
    252   251                     -0.015625
    249   252                     -0.015625
    251   252                     -0.015625
    252   252                       0.03125
    253   253                       0.03125
    254   253                     -0.015625
    256   253                     -0.015625
    253   254                     -0.015625
    254   254                       0.03125
    255   254                     -0.015625
    254   255                     -0.015625
    255   255                       0.03125
    256   255                     -0.015625
    253   256                     -0.015625
    255   256                     -0.015625
    256   256                       0.03125