   1   4.8684473419763e-03
   2  -5.0044973600051e-03
   3   2.4288904749803e-02
   4   8.0169262393692e-03
   5  -3.2121945370309e-03
   6   2.4044360928623e-02
   7   5.5316003693510e-03
   8   2.4609566551232e-03
   9   2.3479724832451e-02
  10  -4.0059806317838e-03
  11   9.5403785129611e-03
  12   2.2694276545830e-02
  13  -2.1911770967562e-02
  14   1.7939674152847e-02
  15   2.1801922858375e-02
  16  -4.6896567830282e-02
  17   2.5084823970388e-02
  18   2.1021933966296e-02
  19  -7.2371641136644e-02
  20   2.5522615057564e-02
  21   2.0649572965523e-02
  22  -9.0018652651688e-02
  23   1.7613938106478e-02
  24   2.0959408190892e-02
  25  -9.4093814447960e-02
  26   4.0403732326252e-03
  27   2.2132769523635e-02
  28  -8.2489305835461e-02
  29  -1.1607576564325e-02
  30   2.4061981635848e-02
  31  -5.6938522387179e-02
  32  -2.5555011815064e-02
  33   2.6162099438533e-02
  34  -2.3561018172159e-02
  35  -3.3384199235540e-02
  36   2.7525573469355e-02
  37   6.5752126980974e-03
  38  -3.0141223606764e-02
  39   2.7507053531274e-02
  40   1.9903955488606e-02
  41  -1.3334290560863e-02
  42   2.6362096598493e-02
  43   1.2031378296573e-02
  44   7.8808258094606e-03
  45   2.5145448829543e-02
  46   0.0000000000000e+00
  47   1.2027760328560e-02
  48   2.4717199031314e-02
  49   1.2324294298847e-03
  50  -6.2614238137913e-03
  51   2.4540293604019e-02
  52  -6.5578615400630e-03
  53   4.5525338543143e-03
  54   2.4279455310406e-02
  55  -2.9233691376625e-02
  56   2.5147994206038e-02
  57   2.3763681617552e-02
  58  -6.5915000402706e-02
  59   4.6258934900012e-02
  60   2.2973033341287e-02
  61  -1.0958620037830e-01
  62   6.1613204719398e-02
  63   2.1892642200417e-02
  64  -1.4939251243067e-01
  65   6.4828274262015e-02
  66   2.0678780092997e-02
  67  -1.7692248768172e-01
  68   5.2980398810279e-02
  69   1.9729253232089e-02
  70  -1.8918540463339e-01
  71   2.9843729981197e-02
  72   1.9527972779855e-02
  73  -1.8539241847730e-01
  74   2.6145644454832e-04
  75   2.0405654056224e-02
  76  -1.6559077999363e-01
  77  -3.1406080990007e-02
  78   2.2290947580131e-02
  79  -1.3081626456865e-01
  80  -6.0329435044274e-02
  81   2.4570946872765e-02
  82  -8.4174131014756e-02
  83  -7.9982371420353e-02
  84   2.6262165739121e-02
  85  -3.3213696627051e-02
  86  -8.1062935014117e-02
  87   2.6593664702191e-02
  88   6.0139592387518e-03
  89  -5.2518072164097e-02
  90   2.5711701221430e-02
  91   1.2728368040074e-02
  92   1.1852330689158e-03
  93   2.4619243982233e-02
  94   0.0000000000000e+00
  95   2.4758923317309e-02
  96   2.4197118160695e-02
  97  -1.0400476646805e-02
  98   4.1757599687766e-03
  99   2.5096142691663e-02
 100  -3.6722422777028e-02
 101   3.0850161606326e-02
 102   2.4691295999772e-02
 103  -7.9320485219532e-02
 104   6.7756362978165e-02
 105   2.3935018370995e-02
 106  -1.3032916591811e-01
 107   9.7276662865102e-02
 108   2.2556530084362e-02
 109  -1.7910774895748e-01
 110   1.1037593266462e-01
 111   2.0446223404610e-02
 112  -2.1726654373833e-01
 113   1.0297675157497e-01
 114   1.7890637498244e-02
 115  -2.4170057556049e-01
 116   7.7437381230808e-02
 117   1.5603767156598e-02
 118  -2.5274697128631e-01
 119   4.0917074884624e-02
 120   1.4391644472330e-02
 121  -2.5061426768496e-01
 122  -1.8676491603778e-03
 123   1.4777366180079e-02
 124  -2.3522530518150e-01
 125  -4.6801035013664e-02
 126   1.6764162275433e-02
 127  -2.0577581555266e-01
 128  -8.9765464498730e-02
 129   1.9753570720816e-02
 130  -1.6126988866736e-01
 131  -1.2450358268797e-01
 132   2.2656582592494e-02
 133  -1.0181447581868e-01
 134  -1.4052329417577e-01
 135   2.4336583658332e-02
 136  -3.5349307486152e-02
 137  -1.1895519784994e-01
 138   2.4379615890618e-02
 139   5.9931632425095e-03
 140  -4.0109027725457e-02
 141   2.3518428580471e-02
 142   0.0000000000000e+00
 143   3.0694502790458e-02
 144   2.2804411869828e-02
 145  -2.2829430408423e-02
 146   2.7036733417294e-02
 147   2.5456591555053e-02
 148  -6.4187757330452e-02
 149   7.2137020593679e-02
 150   2.4738921518072e-02
 151  -1.1771656496327e-01
 152   1.2126059076270e-01
 153   2.3249865240195e-02
 154  -1.7099363656572e-01
 155   1.5056764211256e-01
 156   2.0439297248752e-02
 157  -2.1552203833435e-01
 158   1.5491769891193e-01
 159   1.6266288712557e-02
 160  -2.4704214937729e-01
 161   1.3452478732353e-01
 162   1.1437033195456e-02
 163  -2.6608893867671e-01
 164   9.6461666008235e-02
 165   7.1608566205198e-03
 166  -2.7502352986633e-01
 167   4.9831851699882e-02
 168   4.5275348686137e-03
 169  -2.7463534759745e-01
 170  -2.2719466988291e-03
 171   4.1615880166450e-03
 172  -2.6540205852151e-01
 173  -5.6061323748291e-02
 174   6.1528690110978e-03
 175  -2.4614176193035e-01
 176  -1.0906321628270e-01
 177   1.0044965130711e-02
 178  -2.1410944636223e-01
 179  -1.5658885893303e-01
 180   1.4835672006938e-02
 181  -1.6389055337373e-01
 182  -1.9079673206732e-01
 183   1.9104316621685e-02
 184  -8.9975409121757e-02
 185  -1.9292175773409e-01
 186   2.1479933793614e-02
 187  -7.6937046262415e-03
 188  -1.2234104546610e-01
 189   2.1688991944605e-02
 190   0.0000000000000e+00
 191   2.2992458247470e-02
 192   2.0550076734873e-02
 193  -3.3376339124656e-02
 194   6.0432774353098e-02
 195   2.4889229256441e-02
 196  -8.2619246106819e-02
 197   1.2129023685052e-01
 198   2.3659713485272e-02
 199  -1.3466325528636e-01
 200   1.7327708068936e-01
 201   2.0872017725385e-02
 202  -1.8086547569729e-01
 203   1.9679151127607e-01
 204   1.5839524692420e-02
 205  -2.1572213059511e-01
 206   1.8979139929909e-01
 207   8.8767347411877e-03
 208  -2.3760405415904e-01
 209   1.5641322796432e-01
 210   1.3738729913127e-03
 211  -2.5063171842979e-01
 212   1.0952667151090e-01
 213  -4.9884255618900e-03
 214  -2.5700455210637e-01
 215   5.6235352175918e-02
 216  -9.0591873375462e-03
 217  -2.5778251871873e-01
 218  -1.4698099488034e-03
 219  -1.0276164678252e-02
 220  -2.5350492170319e-01
 221  -6.0306529187555e-02
 222  -8.5049419721677e-03
 223  -2.4371864097474e-01
 224  -1.1883059110592e-01
 225  -3.9988609303869e-03
 226  -2.2637806310838e-01
 227  -1.7392463931458e-01
 228   2.5438197645355e-03
 229  -1.9586706013169e-01
 230  -2.2130025672188e-01
 231   9.8242148735796e-03
 232  -1.3999690584763e-01
 233  -2.4880509964704e-01
 234   1.5804731907292e-02
 235  -4.5595883887245e-02
 236  -2.1681172317123e-01
 237   1.8449453636254e-02
 238   0.0000000000000e+00
 239  -2.2414755935837e-02
 240   1.7681904983911e-02
 241  -3.2258765049678e-02
 242   9.2711809967797e-02
 243   2.2699821059523e-02
 244  -7.8484285993684e-02
 245   1.6744521728412e-01
 246   2.0861317073751e-02
 247  -1.2601073874435e-01
 248   2.2080933362043e-01
 249   1.6451621849380e-02
 250  -1.6389152789817e-01
 251   2.3472158049898e-01
 252   8.8800995981263e-03
 253  -1.8817442827240e-01
 254   2.1408702599360e-01
 255  -8.6701277141279e-04
 256  -2.0255849235373e-01
 257   1.7080618068798e-01
 258  -1.0606098995565e-02
 259  -2.1179881991935e-01
 260   1.1878024876888e-01
 261  -1.8450865271088e-02
 262  -2.1677606625099e-01
 263   6.1201360543431e-02
 264  -2.3496250408928e-02
 265  -2.1836213014048e-01
 266   1.3447056192669e-04
 267  -2.5376263282502e-02
 268  -2.1667421585649e-01
 269  -6.1951515307982e-02
 270  -2.3981846953189e-02
 271  -2.1193081695597e-01
 272  -1.2353592669672e-01
 273  -1.9396049365732e-02
 274  -2.0374106304769e-01
 275  -1.8205724832130e-01
 276  -1.1941484349100e-02
 277  -1.8967543200681e-01
 278  -2.3531728122572e-01
 279  -2.4369937172129e-03
 280  -1.6049835654392e-01
 281  -2.7793747459816e-01
 282   7.2699098862161e-03
 283  -9.3062114729797e-02
 284  -2.8429109616801e-01
 285   1.3887289757246e-02
 286   0.0000000000000e+00
 287  -1.1550721329300e-01
 288   1.5636977600424e-02
 289  -2.9998153710161e-02
 290   1.2272308076013e-01
 291   1.9162101097275e-02
 292  -7.2089301571084e-02
 293   2.0947630518645e-01
 294   1.6644627111579e-02
 295  -1.0736995857595e-01
 296   2.5609999253003e-01
 297   1.0518279376420e-02
 298  -1.3116922653724e-01
 299   2.5854195735636e-01
 300   6.4860700226829e-04
 301  -1.4565220070285e-01
 302   2.2854964435624e-01
 303  -1.1115556293247e-02
 304  -1.5503642101538e-01
 305   1.8018892583424e-01
 306  -2.2025786399815e-02
 307  -1.6208131179897e-01
 308   1.2577901269316e-01
 309  -3.0410069745791e-02
 310  -1.6673388085487e-01
 311   6.5789945296774e-02
 312  -3.5794770395789e-02
 313  -1.6966099206507e-01
 314   3.0325754346112e-03
 315  -3.8027922281587e-02
 316  -1.7041443852377e-01
 317  -6.1195474910436e-02
 318  -3.7053975861842e-02
 319  -1.6878921997429e-01
 320  -1.2512311520835e-01
 321  -3.2834092263740e-02
 322  -1.6487475103149e-01
 323  -1.8594769095277e-01
 324  -2.5378566658289e-02
 325  -1.5856620975621e-01
 326  -2.4161499455122e-01
 327  -1.4954106529273e-02
 328  -1.4583105135175e-01
 329  -2.9065343152315e-01
 330  -2.5924986013839e-03
 331  -1.0687298185757e-01
 332  -3.2319162584235e-01
 333   8.6260599317865e-03
 334   0.0000000000000e+00
 335  -2.2244210927523e-01
 336   1.4640228714351e-02
 337  -1.6703377813543e-02
 338   1.3945195038102e-01
 339   1.4886087002252e-02
 340  -4.2723091020142e-02
 341   2.3545855035444e-01
 342   1.1839297188621e-02
 343  -6.6642564215809e-02
 344   2.8002322112688e-01
 345   4.3615497333554e-03
 346  -8.3444284389164e-02
 347   2.7536214523462e-01
 348  -7.0267850081107e-03
 349  -9.2797936597904e-02
 350   2.3788888282241e-01
 351  -1.9701685464432e-02
 352  -9.8893191203547e-02
 353   1.8628461798629e-01
 354  -3.0699800208984e-02
 355  -1.0357609406026e-01
 356   1.3040565799109e-01
 357  -3.8853624075057e-02
 358  -1.0768794712180e-01
 359   6.9829332807296e-02
 360  -4.4110143023472e-02
 361  -1.1200526265356e-01
 362   7.3107289024639e-03
 363  -4.6458183926020e-02
 364  -1.1615381713011e-01
 365  -5.7034306201340e-02
 366  -4.5885444590337e-02
 367  -1.1908656301216e-01
 368  -1.2217444791360e-01
 369  -4.2277127116357e-02
 370  -1.2003685926768e-01
 371  -1.8500394922487e-01
 372  -3.5460270970802e-02
 373  -1.1898315953545e-01
 374  -2.4266965435366e-01
 375  -2.5309363206755e-02
 376  -1.1536036287729e-01
 377  -2.9429477619258e-01
 378  -1.2055727150685e-02
 379  -9.3026843759263e-02
 380  -3.4551868052296e-01
 381   2.3418659717135e-03
 382   0.0000000000000e+00
 383  -3.1548087981045e-01
 384   1.2140839537232e-02
 385  -4.9323241021352e-03
 386   1.4439378661652e-01
 387   1.1284109043901e-02
 388  -2.3227417714646e-02
 389   2.5373002473827e-01
 390   7.8793803229552e-03
 391  -3.5544120810950e-02
 392   2.9234624270002e-01
 393  -4.9816644445079e-04
 394  -3.9598992433535e-02
 395   2.7942981483726e-01
 396  -1.2594018881234e-02
 397  -3.9566633887554e-02
 398   2.3786959244464e-01
 399  -2.5150726397687e-02
 400  -3.8995096849271e-02
 401   1.8574536389369e-01
 402  -3.5448016581955e-02
 403  -3.9106171554433e-02
 404   1.3051575128270e-01
 405  -4.2967859698564e-02
 406  -4.1325009237338e-02
 407   7.2040636641816e-02
 408  -4.7883838071446e-02
 409  -4.6084299322795e-02
 410   1.2102326747428e-02
 411  -5.0206620127787e-02
 412  -5.3267874794012e-02
 413  -4.9767438342813e-02
 414  -4.9940638589772e-02
 415  -6.1511965798993e-02
 416  -1.1386219976658e-01
 417  -4.6955420613140e-02
 418  -6.9007676888814e-02
 419  -1.7752010953048e-01
 420  -4.1032041021597e-02
 421  -7.3933028505007e-02
 422  -2.3776974405230e-01
 423  -3.1903201470716e-02
 424  -7.8297953185918e-02
 425  -2.8992697152315e-01
 426  -1.9422239624138e-02
 427  -7.0637445413675e-02
 428  -3.5321100911668e-01
 429  -4.4982077732100e-03
 430   0.0000000000000e+00
 431  -3.8607866476843e-01
 432   6.9115242329962e-03
 433   1.2113628851588e-02
 434   1.3230695690594e-01
 435   9.3092942663915e-03
 436   1.5807878468644e-02
 437   2.5000214263841e-01
 438   5.8551955295202e-03
 439   1.7666831866951e-02
 440   2.9046801991781e-01
 441  -2.7250697801131e-03
 442   2.0394549923971e-02
 443   2.7673131596436e-01
 444  -1.4651929200191e-02
 445   2.4849914368230e-02
 446   2.3344936027734e-01
 447  -2.6471612036280e-02
 448   2.8988182428070e-02
 449   1.8165202503021e-01
 450  -3.5907325742881e-02
 451   3.1182657869551e-02
 452   1.2835886999666e-01
 453  -4.2856346178094e-02
 454   2.9672597917725e-02
 455   7.3566351936955e-02
 456  -4.7481848750849e-02
 457   2.4176308606511e-02
 458   1.7624802746901e-02
 459  -4.9733440482204e-02
 460   1.4318016641786e-02
 461  -3.9839423286309e-02
 462  -4.9613160495457e-02
 463   9.1205895508836e-04
 464  -1.0037508954499e-01
 465  -4.7025599969401e-02
 466  -1.4836638148984e-02
 467  -1.6179184512257e-01
 468  -4.1838853160868e-02
 469  -2.7987233355242e-02
 470  -2.2466948990838e-01
 471  -3.3851466095809e-02
 472  -4.0407362607566e-02
 473  -2.7752321813486e-01
 474  -2.2983607125127e-02
 475  -4.6279957892329e-02
 476  -3.4740417699904e-01
 477  -9.7075393314064e-03
 478   0.0000000000000e+00
 479  -4.3233019268910e-01
 480   9.9794936412069e-04
 481   2.4880407525271e-02
 482   1.0743761383697e-01
 483   9.7168037886453e-03
 484   3.3466568686297e-02
 485   2.4141092316928e-01
 486   6.5516226805916e-03
 487   4.4246603213859e-02
 488   2.7967929728061e-01
 489  -1.6676758104759e-03
 490   5.9083237797010e-02
 491   2.6188934991314e-01
 492  -1.2960078917682e-02
 493   7.4517108398932e-02
 494   2.1802953571508e-01
 495  -2.3889719067717e-02
 496   8.7061722699589e-02
 497   1.6913846567306e-01
 498  -3.2666516901585e-02
 499   9.5489860295700e-02
 500   1.1996111222403e-01
 501  -3.9334786101537e-02
 502   9.8024273754039e-02
 503   7.1014778593455e-02
 504  -4.3838343829766e-02
 505   9.4310827177130e-02
 506   2.1293687479456e-02
 507  -4.6023265863340e-02
 508   8.3285086781027e-02
 509  -2.8854322333896e-02
 510  -4.5860612284722e-02
 511   6.6182286150079e-02
 512  -8.3270106679615e-02
 513  -4.3291775571370e-02
 514   4.2506764158188e-02
 515  -1.3814663133344e-01
 516  -3.8330268079487e-02
 517   1.8546103458912e-02
 518  -2.0075419689584e-01
 519  -3.0969908299646e-02
 520  -5.1619430854280e-03
 521  -2.5379265557777e-01
 522  -2.1469170508941e-02
 523  -2.5729183569526e-02
 524  -3.2686955247046e-01
 525  -1.0516418902003e-02
 526   0.0000000000000e+00
 527  -4.5808061402049e-01
 528  -1.6472492362628e-03
 529   3.7266875850555e-02
 530   7.0177451153724e-02
 531   1.1916657878430e-02
 532   7.2991598136193e-02
 533   2.0566616018144e-01
 534   9.7234231146228e-03
 535   1.0210233913812e-01
 536   2.5052310444409e-01
 537   2.9762564857024e-03
 538   1.2644334896762e-01
 539   2.3752214846020e-01
 540  -7.2790208859472e-03
 541   1.4699617821099e-01
 542   1.9745590669820e-01
 543  -1.7713342736819e-02
 544   1.6214323112888e-01
 545   1.5400038863341e-01
 546  -2.6449244167126e-02
 547   1.7136573683085e-01
 548   1.1075744665991e-01
 549  -3.3285068897515e-02
 550   1.7329000799560e-01
 551   6.9089042546918e-02
 552  -3.7924672138964e-02
 553   1.6819603949613e-01
 554   2.6341535198096e-02
 555  -4.0127623703939e-02
 556   1.5383277941265e-01
 557  -1.4562127860398e-02
 558  -3.9802566538668e-02
 559   1.3171356939582e-01
 560  -6.1197319156820e-02
 561  -3.6882925425867e-02
 562   9.9925130383148e-02
 563  -1.0639421499997e-01
 564  -3.1480162189583e-02
 565   6.4317406100215e-02
 566  -1.6518793591964e-01
 567  -2.3790436006578e-02
 568   2.7264673837349e-02
 569  -2.1672079432910e-01
 570  -1.4469912634381e-02
 571  -8.6566519763886e-03
 572  -2.9095737335971e-01
 573  -4.8442390462572e-03
 574   0.0000000000000e+00
 575  -4.6673401143882e-01
 576   2.8527508923697e-03
 577   3.5321548260598e-02
 578   3.4935684970940e-02
 579   1.4780877678879e-02
 580   6.4796901768795e-02
 581   1.7618721594975e-01
 582   1.4601897489153e-02
 583   1.0099694380609e-01
 584   2.1431202561600e-01
 585   1.0242590089461e-02
 586   1.3857187130062e-01
 587   1.9992702565657e-01
 588   1.0918596271288e-03
 589   1.7213255251778e-01
 590   1.6390235170259e-01
 591  -9.2294797547009e-03
 592   1.9851667172212e-01
 593   1.2764535234690e-01
 594  -1.8394234714178e-02
 595   2.1712106060344e-01
 596   9.2210295901179e-02
 597  -2.5763413188613e-02
 598   2.2554019611220e-01
 599   6.0719510681684e-02
 600  -3.0791938903149e-02
 601   2.2474221782830e-01
 602   2.7172861075687e-02
 603  -3.3150836801251e-02
 604   2.1236084731407e-01
 605  -2.1744761752393e-03
 606  -3.2662320496834e-02
 607   1.8993539502275e-01
 608  -3.8771865127794e-02
 609  -2.9163295232404e-02
 610   1.5456318948897e-01
 611  -7.1013309898914e-02
 612  -2.2727898530486e-02
 613   1.0940907532609e-01
 614  -1.2002581478038e-01
 615  -1.3584042599413e-02
 616   5.6664307923792e-02
 617  -1.6391983813064e-01
 618  -2.6476467443561e-03
 619   6.2623117484484e-03
 620  -2.4055111253807e-01
 621   8.1501245002297e-03
 622   0.0000000000000e+00
 623  -4.6047521057254e-01
 624   1.7831564382474e-02
 625   2.6375640938315e-02
 626   8.5631827167694e-03
 627   1.6030610370074e-02
 628   9.7565064106535e-02
 629   1.0500788860265e-01
 630   1.9686759547318e-02
 631   1.6447565571049e-01
 632   1.4736332178182e-01
 633   1.9857390525983e-02
 634   2.1884757693126e-01
 635   1.4551106155120e-01
 636   1.1997336317739e-02
 637   2.5906767944444e-01
 638   1.2364198125364e-01
 639   1.0800693083933e-03
 640   2.8608189378086e-01
 641   1.0061931383436e-01
 642  -9.2278327038607e-03
 643   3.0227300150117e-01
 644   7.6027886836865e-02
 645  -1.7603811859330e-02
 646   3.0683303393753e-01
 647   5.6196468792343e-02
 648  -2.3348789249704e-02
 649   3.0111963207662e-01
 650   3.2940581582364e-02
 651  -2.6047246345390e-02
 652   2.8326026020325e-01
 653   1.5726025119696e-02
 654  -2.5472438719463e-02
 655   2.5420955284350e-01
 656  -9.6875168878876e-03
 657  -2.1367260170819e-02
 658   2.1115909306412e-01
 659  -2.7922896472127e-02
 660  -1.3608460006017e-02
 661   1.5489211065165e-01
 662  -6.3733557565296e-02
 663  -2.1540587416045e-03
 664   8.7307356124212e-02
 665  -9.6317442118423e-02
 666   1.2361585184216e-02
 667   2.8254743278466e-02
 668  -1.8146769321239e-01
 669   2.8578582461864e-02
 670   0.0000000000000e+00
 671  -4.3224731363578e-01
 672   4.8400105629055e-02
 673  -8.6321834220945e-02
 674   9.4916874466431e-02
 675   1.6647443453565e-02
 676  -5.4259547800882e-02
 677   7.2957534198024e-02
 678   2.5011305818310e-02
 679   9.9284714215229e-03
 680   8.3196629274177e-02
 681   2.7994150923199e-02
 682   7.4124509774292e-02
 683   8.1297832886784e-02
 684   2.1529091046988e-02
 685   1.2960133006743e-01
 686   6.8126459462004e-02
 687   1.0345913690871e-02
 688   1.7458974883470e-01
 689   5.5585057636539e-02
 690  -1.0237770055321e-03
 691   2.0978676447741e-01
 692   4.0798714416535e-02
 693  -1.0441214480573e-02
 694   2.3419604968472e-01
 695   3.1774008634722e-02
 696  -1.6996642201745e-02
 697   2.4844867933946e-01
 698   1.8664797480644e-02
 699  -2.0201756243568e-02
 700   2.5138183844250e-01
 701   1.2787921699114e-02
 702  -1.9734192015094e-02
 703   2.4308288670295e-01
 704  -1.4075209965356e-03
 705  -1.5261876963395e-02
 706   2.2183689219136e-01
 707  -6.6961590623754e-03
 708  -6.3062314095374e-03
 709   1.8724315228500e-01
 710  -2.9178588154528e-02
 711   7.8361921540575e-03
 712   1.3983292084745e-01
 713  -4.8929837680362e-02
 714   2.8474902151572e-02
 715   9.0128198791283e-02
 716  -1.3170728578976e-01
 717   5.8084937161174e-02
 718   0.0000000000000e+00
 719  -3.4217619123750e-01
 720   1.0642768275428e-01
 721   9.4909337893150e-02
 722   0.0000000000000e+00
 723   9.6476511482649e-03
 724   1.6774439801239e-01
 725   0.0000000000000e+00
 726   2.8627124858355e-02
 727   2.5097160771026e-01
 728   0.0000000000000e+00
 729   3.3344691829541e-02
 730   3.3229272064307e-01
 731   0.0000000000000e+00
 732   2.7806034443834e-02
 733   4.0042386328518e-01
 734   0.0000000000000e+00
 735   1.6866969721384e-02
 736   4.5602593148855e-01
 737   0.0000000000000e+00
 738   5.0240686914045e-03
 739   4.9679013937135e-01
 740   0.0000000000000e+00
 741  -5.2009862927913e-03
 742   5.2858155635302e-01
 743   0.0000000000000e+00
 744  -1.2484009118801e-02
 745   5.4720030457648e-01
 746   0.0000000000000e+00
 747  -1.6251038052194e-02
 748   5.6000783710890e-01
 749   0.0000000000000e+00
 750  -1.5996632027911e-02
 751   5.5854528418710e-01
 752   0.0000000000000e+00
 753  -1.1387850159215e-02
 754   5.5187753898993e-01
 755   0.0000000000000e+00
 756  -1.2945561291135e-03
 757   5.2267939908494e-01
 758   0.0000000000000e+00
 759   1.6254118933526e-02
 760   4.7384118093255e-01
 761   0.0000000000000e+00
 762   4.7053208780877e-02
 763   3.4211584264752e-01
 764   0.0000000000000e+00
 765   1.0366555115361e-01
 766   0.0000000000000e+00
 767   0.0000000000000e+00
 768   1.9868868738705e-01
