1  -1.0682396747361e-05
2  -2.0952122863689e-05
3  -3.0379974902138e-05
4  -3.8601597423361e-05
5  -4.5311953837177e-05
6  -5.0273069008906e-05
7  -5.3316368602951e-05
8  -5.4341847981510e-05
9  -5.3316421889429e-05
10  -5.0273167786808e-05
11  -4.5312083521859e-05
12  -3.8601738596876e-05
13  -3.0380106070917e-05
14  -2.0952223717640e-05
15  -1.0682451452655e-05
16  -1.1135082642053e-05
17  -2.1833250495563e-05
18  -3.1643094804412e-05
19  -4.0185148681882e-05
20  -4.7146045173827e-05
21  -5.2285024203941e-05
22  -5.5434026897159e-05
23  -5.6494511681145e-05
24  -5.5434088021581e-05
25  -5.2285137645939e-05
26  -4.7146194380660e-05
27  -4.0185311462262e-05
28  -3.1643246388444e-05
29  -2.1833367274152e-05
30  -1.1135146069535e-05
31  -1.2025544920938e-05
32  -2.3563514782877e-05
33  -3.4117162140175e-05
34  -4.3277632348560e-05
35  -5.0717274507549e-05
36  -5.6192894476772e-05
37  -5.9540448118667e-05
38  -6.0666410285518e-05
39  -5.9540525835743e-05
40  -5.6193039038999e-05
41  -5.0717465301073e-05
42  -4.3277841367827e-05
43  -3.4117357620585e-05
44  -2.3563665945155e-05
45  -1.2025627235102e-05
46  -1.3426085162133e-05
47  -2.6278087670471e-05
48  -3.7984359316513e-05
49  -4.8090883938651e-05
50  -5.6252455457144e-05
51  -6.2228752780630e-05
52  -6.5868377784079e-05
53  -6.7090070883221e-05
54  -6.5868482974956e-05
55  -6.2228949094050e-05
56  -5.6252715865398e-05
57  -4.8091170985914e-05
58  -3.7984629495407e-05
59  -2.6278297779324e-05
60  -1.3426200022570e-05
61  -1.5425850368296e-05
62  -3.0138412310177e-05
63  -4.3451303496114e-05
64  -5.4849088585464e-05
65  -6.3972910546659e-05
66  -7.0601283343420e-05
67  -7.4614239289005e-05
68  -7.5957012422300e-05
69  -7.4614386022039e-05
70  -7.0601558435782e-05
71  -6.3973278025522e-05
72  -5.4849497168159e-05
73  -4.3451691575272e-05
74  -3.0138716565685e-05
75  -1.5426017644705e-05
76  -1.8167791220619e-05
77  -3.5398431732917e-05
78  -5.0833353790998e-05
79  -6.3881256360411e-05
80  -7.4188814800565e-05
81  -8.1589230757340e-05
82  -8.6030283606171e-05
83  -8.7509353494886e-05
84  -8.6030490255068e-05
85  -8.1589620601472e-05
86  -7.4189340632710e-05
87  -6.3881848085908e-05
88  -5.0833923090606e-05
89  -3.5398883322537e-05
90  -1.8168041587159e-05
91  -2.1880904731189e-05
92  -4.2454197902381e-05
93  -6.0602423596590e-05
94  -7.5653768264632e-05
95  -8.7311861537850e-05
96  -9.5536541279204e-05
97  -1.0040831088345e-04
98  -1.0201962769600e-04
99  -1.0040860090188e-04
100  -9.5537093082330e-05
101  -8.7312615817938e-05
102  -7.5654631452174e-05
103  -6.0603269400859e-05
104  -4.2454880388024e-05
105  -2.1881287898523e-05
106  -2.6942605186584e-05
107  -5.1935065615063e-05
108  -7.3468374454874e-05
109  -9.0819531563694e-05
110  -1.0386832180700e-04
111  -1.1283676193817e-04
112  -1.1804679095244e-04
113  -1.1975224550380e-04
114  -1.1804719257410e-04
115  -1.1283753500803e-04
116  -1.0386939810454e-04
117  -9.0820792504011e-05
118  -7.3469642699332e-05
119  -5.1936115073047e-05
120  -2.6943205878372e-05
121  -3.4004904774591e-05
122  -6.4875126848655e-05
123  -9.0516477076777e-05
124  -1.1028766172830e-04
125  -1.2450513218827e-04
126  -1.3389539371404e-04
127  -1.3918984548434e-04
128  -1.4089537079263e-04
129  -1.3919038888271e-04
130  -1.3389645627116e-04
131  -1.2450664908818e-04
132  -1.1028949776003e-04
133  -9.0518393852318e-05
134  -6.4876773383153e-05
135  -3.4005876301936e-05
136  -4.4265567169548e-05
137  -8.3044112825802e-05
138  -1.1343474531640e-04
139  -1.3530950608448e-04
140  -1.4996915150373e-04
141  -1.5904983524540e-04
142  -1.6392182647824e-04
143  -1.6544900329970e-04
144  -1.6392253589294e-04
145  -1.5905125210572e-04
146  -1.4997124421699e-04
147  -1.3531215559563e-04
148  -1.1343766160836e-04
149  -8.3046761414371e-05
150  -4.4267208326242e-05
151  -6.0096147135155e-05
152  -1.0960108077626e-04
153  -1.4486888533198e-04
154  -1.6754646578951e-04
155  -1.8101213249679e-04
156  -1.8841296928557e-04
157  -1.9199862188351e-04
158  -1.9305628003497e-04
159  -1.9199949928363e-04
160  -1.8841477204179e-04
161  -1.8101492007843e-04
162  -1.6755021879720e-04
163  -1.4487333562536e-04
164  -1.0960547153023e-04
165  -6.0099095565244e-05
166  -8.6630485202452e-05
167  -1.5039527111250e-04
168  -1.8889324951697e-04
169  -2.0899533924371e-04
170  -2.1811994340720e-04
171  -2.2159128751547e-04
172  -2.2260341173414e-04
173  -2.2277799567191e-04
174  -2.2260440916368e-04
175  -2.2159341669825e-04
176  -2.1812344525660e-04
177  -2.0900046388829e-04
178  -1.8889999063840e-04
179  -1.5040278757490e-04
180  -8.6636254254147e-05
181  -1.3619276450697e-04
182  -2.1645640168448e-04
183  -2.5131350099350e-04
184  -2.6142169676232e-04
185  -2.6088101286836e-04
186  -2.5722882412667e-04
187  -2.5404574035451e-04
188  -2.5284788024121e-04
189  -2.5404672348479e-04
190  -2.5723103881187e-04
191  -2.6088497883850e-04
192  -2.6142819933236e-04
193  -2.5132337403404e-04
194  -2.1646956823410e-04
195  -1.3620539041797e-04
196  -2.4193738793083e-04
197  -3.2792237573557e-04
198  -3.3848073578568e-04
199  -3.2449500544206e-04
200  -3.0675165409830e-04
201  -2.9239531979508e-04
202  -2.8350090725079e-04
203  -2.8051912161780e-04
204  -2.8350162410055e-04
205  -2.9239709246232e-04
206  -3.0675528519769e-04
207  -3.2450202905791e-04
208  -3.3849377812843e-04
209  -3.2794495889835e-04
210  -2.4196884839018e-04
211  -5.0181140911523e-04
212  -5.1250537194486e-04
213  -4.4787124181583e-04
214  -3.8900055576968e-04
215  -3.4690764271966e-04
216  -3.1977094386883e-04
217  -3.0471358768112e-04
218  -2.9989545354406e-04
219  -3.0471215692795e-04
220  -3.1976804988985e-04
221  -3.4690323919231e-04
222  -3.8899459519146e-04
223  -4.4786357543825e-04
224  -5.1249532736959e-04
225  -5.0179806949717e-04
226   1.2346249266560e-03
227   1.7173528241396e-03
228   1.9378588822010e-03
229   2.0524151378586e-03
230   2.1169163068240e-03
231   2.1538881312126e-03
232   2.1732327868729e-03
233   2.1792721850229e-03
234   2.1732375260842e-03
235   2.1538981788489e-03
236   2.1169328533932e-03
237   2.0524399911170e-03
238   1.9378939755250e-03
239   1.7173977983105e-03
240   1.2346687204096e-03
241   1.0682396747362e-05
242   1.0269726121288e-05
243   9.4278520427224e-06
244   8.2216225247655e-06
245   6.7103564165949e-06
246   4.9611151737233e-06
247   3.0432995952396e-06
248   1.0254793789462e-06
249  -1.0254260925019e-06
250  -3.0432541038450e-06
251  -4.9610842669651e-06
252  -6.7103449277739e-06
253  -8.2216325295006e-06
254  -9.4278823575372e-06
255  -1.0269772269921e-05
256  -1.0682451452654e-05
257   2.1817479383221e-05
258   2.0967893974800e-05
259   1.9237696351574e-05
260   1.6763676402238e-05
261   1.3671252908542e-05
262   1.0100094203839e-05
263   6.1923022884578e-06
264   2.0859641629328e-06
265  -2.0858497520656e-06
266  -6.1922044794877e-06
267  -1.0100027532245e-05
268  -1.3671227846174e-05
269  -1.6763697603320e-05
270  -1.9237761471831e-05
271  -2.0967993474535e-05
272  -2.1817597516013e-05
273   3.3843024297242e-05
274   3.2505863836735e-05
275   2.9791343708871e-05
276   2.5924146610623e-05
277   2.1110895067531e-05
278   1.5575714173061e-05
279   9.5398559303536e-06
280   3.2119263297838e-06
281  -3.2117342018402e-06
282  -9.5396912762318e-06
283  -1.5575601270171e-05
284  -2.1110851779421e-05
285  -2.5924181350563e-05
286  -2.9791453147262e-05
287  -3.2506032184582e-05
288  -3.3843224744226e-05
289   4.7269109451611e-05
290   4.5357866345070e-05
291   4.1497615354911e-05
292   3.6030671232760e-05
293   2.9272466586023e-05
294   2.1552011496548e-05
295   1.3179480933803e-05
296   4.4336194289252e-06
297  -4.4333221101044e-06
298  -1.3179225157138e-05
299  -2.1551834498823e-05
300  -2.9272396658905e-05
301  -3.6030722841070e-05
302  -4.1497784863347e-05
303  -4.5358129941330e-05
304  -4.7269424759075e-05
305   6.2694959811159e-05
306   6.0070428286947e-05
307   5.4810506540846e-05
308   4.7428456322109e-05
309   3.8396288547217e-05
310   2.8180384293309e-05
311   1.7192436879387e-05
312   5.7763925622201e-06
313  -5.7759485103657e-06
314  -1.7192052743395e-05
315  -2.8180114909084e-05
316  -3.8396177516270e-05
317  -4.7428528433959e-05
318  -5.4810759872935e-05
319  -6.0070828862302e-05
320  -6.2695442395094e-05
321   8.0862751021900e-05
322   7.7301068799241e-05
323   7.0245428598926e-05
324   6.0476358891520e-05
325   4.8703846987369e-05
326   3.5580800250083e-05
327   2.1633489728218e-05
328   7.2554624509336e-06
329  -7.2548117501838e-06
330  -2.1632922396991e-05
331  -3.5580394877847e-05
332  -4.8703670063073e-05
333  -6.0476453429262e-05
334  -7.0245799641006e-05
335  -7.7301670597672e-05
336  -8.0863483972463e-05
337   1.0274365574194e-04
338   9.7874361970428e-05
339   8.8393654293131e-05
340   7.5527703559558e-05
341   6.0361940260585e-05
342   4.3805479991435e-05
343   2.6505259332467e-05
344   8.8667792634802e-06
345  -8.8658385443123e-06
346  -2.6504430216539e-05
347  -4.3804872142241e-05
348  -6.0361654428840e-05
349  -7.5527815480581e-05
350  -8.8394188653845e-05
351  -9.7875263087164e-05
352  -1.0274477185996e-04
353   1.2968626091601e-04
354   1.2286682239890e-04
355   1.0992696313294e-04
356   9.2878860668372e-05
357   7.3410730503882e-05
358   5.2773920122607e-05
359   3.1715288346732e-05
360   1.0572233814833e-05
361  -1.0570891474007e-05
362  -3.1714087782612e-05
363  -5.2773009045738e-05
364  -7.3410260029374e-05
365  -9.2878965285266e-05
366  -1.0992771628014e-04
367  -1.2286817228183e-04
368  -1.2968797772598e-04
369   1.6369116567676e-04
370   1.5373704447296e-04
371   1.3556831336104e-04
372   1.1265004531988e-04
373   8.7628200963846e-05
374   6.2164181648377e-05
375   3.7009740117022e-05
376   1.2277759123124e-05
377  -1.2275873383937e-05
378  -3.7008020394166e-05
379  -6.2162816228725e-05
380  -8.7627411357534e-05
381  -1.1265006919298e-04
382  -1.3556933674931e-04
383  -1.5373906936304e-04
384  -1.6369385401429e-04
385   2.0795673283152e-04
386   1.9251559012920e-04
387   1.6595894585162e-04
388   1.3452480608794e-04
389   1.0228784638309e-04
390   7.1244865390033e-05
391   4.1881731349854e-05
392   1.3804935944577e-05
393  -1.3802340790700e-05
394  -4.1879304181391e-05
395  -7.1242824117464e-05
396  -1.0228649997890e-04
397  -1.3452456318028e-04
398  -1.6596023694332e-04
399  -1.9251862245116e-04
400  -2.0796106232601e-04
401   2.6805287995211e-04
402   2.4202052377028e-04
403   2.0122675040731e-04
404   1.5720238654543e-04
405   1.1575351309035e-04
406   7.8645702178807e-05
407   4.5467383947784e-05
408   1.4862594096027e-05
409  -1.4859121542048e-05
410  -4.5464031423237e-05
411  -7.8642676080838e-05
412  -1.1575120126015e-04
413  -1.5720144635215e-04
414  -2.0122810103849e-04
415  -2.4202499841616e-04
416  -2.6806015787697e-04
417   3.5468336514299e-04
418   3.0578530968027e-04
419   2.3972472881169e-04
420   1.7730447627212e-04
421   1.2487811725381e-04
422   8.2117046287054e-05
423   4.6479508166444e-05
424   1.5037178033790e-05
425  -1.5032708050285e-05
426  -4.6475023888677e-05
427  -8.2112647522503e-05
428  -1.2487418262849e-04
429  -1.7730191960209e-04
430  -2.3972530410207e-04
431  -3.0579153173695e-04
432  -3.5469641211969e-04
433   4.9087612964625e-04
434   3.8604894685762e-04
435   2.7458182812053e-04
436   1.8741267204086e-04
437   1.2433743335981e-04
438   7.8464857545349e-05
439   4.3296424394266e-05
440   1.3839317920486e-05
441  -1.3833864806711e-05
442  -4.3290708561608e-05
443  -7.8458707495897e-05
444  -1.2433096213468e-04
445  -1.8740674490050e-04
446  -2.7457910990218e-04
447  -3.8605570955323e-04
448  -4.9090180253382e-04
449   7.3281351758194e-04
450   4.7203393466183e-04
451   2.8514018817022e-04
452   1.7342694169707e-04
453   1.0659408201597e-04
454   6.4108523242093e-05
455   3.4402011849954e-05
456   1.0857532287477e-05
457  -1.0851362323980e-05
458  -3.4395240199866e-05
459  -6.4100514760564e-05
460  -1.0658421827454e-04
461  -1.7341499583016e-04
462  -2.8512792913266e-04
463  -4.7203182006189e-04
464  -7.3287065093009e-04
465   1.2346249266850e-03
466   4.8272789749198e-04
467   2.2050605803628e-04
468   1.1455625564254e-04
469   6.4501168955752e-05
470   3.6971824380232e-05
471   1.9344655650858e-05
472   6.0393981389248e-06
473  -6.0346589515611e-06
474  -1.9339347249263e-05
475  -3.6965325468967e-05
476  -6.4492862285277e-05
477  -1.1454601559130e-04
478  -2.2049617720579e-04
479  -4.8272907793294e-04
480  -1.2346687203809e-03
481  -3.5460191989469e-03
482  -3.4091781494399e-03
483  -3.1406970155502e-03
484  -2.7513654613865e-03
485  -2.2566441792751e-03
486  -1.6759046626191e-03
487  -1.0315694637048e-03
488  -3.4822243658898e-04
489   3.4827037615550e-04
490   1.0316187043282e-03
491   1.6759563151709e-03
492   2.2566989986938e-03
493   2.7514237285504e-03
494   3.1407584864039e-03
495   3.4092420837358e-03
496   3.5460844694943e-03
497  -3.6828604770820e-03
498  -3.5404898142483e-03
499  -3.2612459241217e-03
500  -2.8564922355862e-03
501  -2.3424477766669e-03
502  -1.7393416436661e-03
503  -1.0704839308572e-03
504  -3.6133541539513e-04
505   3.6138203857500e-04
506   1.0705320129900e-03
507   1.7393924333211e-03
508   2.3425021270710e-03
509   2.8565504701407e-03
510   3.2613077751274e-03
511   3.5405544509347e-03
512   3.6829266266225e-03
513  -3.9624289894478e-03
514  -3.8086749378437e-03
515  -3.5073048299456e-03
516  -3.0709099369860e-03
517  -2.5173131604915e-03
518  -1.8685302767172e-03
519  -1.1496892427118e-03
520  -3.8801735865138e-04
521   3.8806115460779e-04
522   1.1497348336870e-03
523   1.8685792058566e-03
524   2.5173664937771e-03
525   3.0709680929968e-03
526   3.5073674941855e-03
527   3.8087410867567e-03
528   3.9624970353551e-03
529  -4.3961366622794e-03
530  -4.2244763912584e-03
531  -3.8883887605068e-03
532  -3.4025297181972e-03
533  -2.7873648022457e-03
534  -2.0677771696991e-03
535  -1.2717254837348e-03
536  -4.2910599393329e-04
537   4.2914504199372e-04
538   1.2717668821804e-03
539   2.0678229529417e-03
540   2.7874163985336e-03
541   3.4025877176059e-03
542   3.8884527821824e-03
543   4.2245450930229e-03
544   4.3962079213276e-03
545  -5.0019346059638e-03
546  -4.8047055502806e-03
547  -4.4192444122013e-03
548  -3.8634556364019e-03
549  -3.1618393758611e-03
550  -2.3434882886459e-03
551  -1.4403296695032e-03
552  -4.8582629949516e-04
553   4.8585800096549e-04
554   1.4403645591908e-03
555   2.3435291526482e-03
556   3.1618882145420e-03
557   3.8635133333563e-03
558   4.4193105143357e-03
559   4.8047782359424e-03
560   5.0020109088901e-03
561  -5.8054557171934e-03
562  -5.5731672542671e-03
563  -5.1204281227353e-03
564  -4.4702094082920e-03
565  -3.6530490916821e-03
566  -2.7040072083151e-03
567  -1.6602788407430e-03
568  -5.5972775215699e-04
569   5.5974848552500e-04
570   1.6603039663620e-03
571   2.7040406151213e-03
572   3.6530936580951e-03
573   4.4702665179923e-03
574   5.1204972847347e-03
575   5.5732459649434e-03
576   5.8055397173013e-03
577  -6.8418473368689e-03
578  -6.5620802746961e-03
579  -6.0190920115409e-03
580  -5.2439053128809e-03
581  -4.2761408399239e-03
582  -3.1592130222635e-03
583  -1.9370511030758e-03
584  -6.5255470320888e-04
585   6.5255937763469e-04
586   1.9370618355298e-03
587   3.1592352733014e-03
588   4.2761788190543e-03
589   5.2439612652404e-03
590   6.0191655462936e-03
591   6.5621679739408e-03
592   6.8419429791783e-03
593  -8.1587071948774e-03
594  -7.8142154405509e-03
595  -7.1499552034579e-03
596  -6.2101797672344e-03
597  -5.0483966189180e-03
598  -3.7196535491735e-03
599  -2.2761584049335e-03
600  -7.6599986710879e-04
601   7.6598136082010e-04
602   2.2761481659712e-03
603   3.7196592120581e-03
604   5.0484243935187e-03
605   6.2102334021350e-03
606   7.1500347936260e-03
607   7.8143164608731e-03
608   8.1588204602572e-03
609  -9.8209224792912e-03
610  -9.3861205203182e-03
611  -8.5563348930684e-03
612  -7.3984630801820e-03
613  -5.9876133239981e-03
614  -4.3948470407000e-03
615  -2.6819299117512e-03
616  -9.0126849272158e-04
617   9.0121699517231e-04
618   2.6818894440941e-03
619   4.3948281253062e-03
620   5.9876251361469e-03
621   7.3985120096198e-03
622   8.5564224665916e-03
623   9.3862411844619e-03
624   9.8210626145206e-03
625  -1.1919030309771e-02
626  -1.1353011530810e-02
627  -1.0290802765297e-02
628  -8.8397260476151e-03
629  -7.1087480140893e-03
630  -5.1901926395721e-03
631  -3.1554468396282e-03
632  -1.0583622534582e-03
633   1.0582646022336e-03
634   3.1553633589371e-03
635   5.1901374472088e-03
636   7.1087345582080e-03
637   8.8397653223571e-03
638   1.0290899881587e-02
639   1.1353160933293e-02
640   1.1919211956593e-02
641  -1.4584577607859e-02
642  -1.3816096294288e-02
643  -1.2414141758543e-02
644  -1.0560892909647e-02
645  -8.4174621348815e-03
646  -6.1017303952385e-03
647  -3.6913040563455e-03
648  -1.2349996760820e-03
649   1.2348389159132e-03
650   3.6911604395819e-03
651   6.1016220149837e-03
652   8.4174082373483e-03
653   1.0560912261152e-02
654   1.2414247635086e-02
655   1.3816286943841e-02
656   1.4584824681792e-02
657  -1.8020537257008e-02
658  -1.6912660989255e-02
659  -1.4988780299262e-02
660  -1.2572245630496e-02
661  -9.8984801676206e-03
662  -7.1079650289250e-03
663  -4.2730411914297e-03
664  -1.4251730008910e-03
665   1.4249286074614e-03
666   4.2728155914793e-03
667   7.1077796569840e-03
668   9.8983611678885e-03
669   1.2572223916684e-02
670   1.4988886219096e-02
671   1.6912907815303e-02
672   1.8020890354352e-02
673  -2.2567162844101e-02
674  -2.0825243213611e-02
675  -1.8056081964375e-02
676  -1.4840835245481e-02
677  -1.1496251944893e-02
678  -8.1586111997264e-03
679  -4.8677248374030e-03
680  -1.6175816008716e-03
681   1.6172310659835e-03
682   4.8673915040319e-03
683   8.1583170152271e-03
684   1.1496028791703e-02
685   1.4840729918260e-02
686   1.8056156362971e-02
687   2.0825554635347e-02
688   2.2567693428761e-02
689  -2.8860114290140e-02
690  -2.5765096453298e-02
691  -2.1569486490368e-02
692  -1.7238771108822e-02
693  -1.3087086625235e-02
694  -9.1625062779165e-03
695  -5.4216675729775e-03
696  -1.7946614008497e-03
697   1.7941839836417e-03
698   5.4212001280495e-03
699   9.1620648179392e-03
700   1.3086701606820e-02
701   1.7238500934543e-02
702   2.1569437286348e-02
703   2.5765431533456e-02
704   2.8860945798377e-02
705  -3.8256007603045e-02
706  -3.1805628401419e-02
707  -2.5218033162286e-02
708  -1.9457691322422e-02
709  -1.4450824077443e-02
710  -9.9826631358696e-03
711  -5.8617796763592e-03
712  -1.9335817269940e-03
713   1.9329648276158e-03
714   5.8611583060842e-03
715   9.9820370997716e-03
716   1.4450204975512e-02
717   1.9457119679808e-02
718   2.5217623589747e-02
719   3.1805701826356e-02
720   3.8257273382455e-02
721  -5.4118429662243e-02
722  -3.7982606568581e-02
723  -2.8038948307377e-02
724  -2.0922966003095e-02
725  -1.5275767159485e-02
726  -1.0455489685026e-02
727  -6.1091691690949e-03
728  -2.0108197636577e-03
729   2.0101296418393e-03
730   6.1084682675390e-03
731   1.0454773123340e-02
732   1.5275049579606e-02
733   2.0922320159994e-02
734   2.8038613717579e-02
735   3.7983248687275e-02
736   5.4121138513783e-02
