   1  -8.5605872687805e-06
   2   8.5605872687819e-06
   3   0.0000000000000e+00
   4  -1.6785178339199e-05
   5   8.2245910783066e-06
   6   0.0000000000000e+00
   7  -2.4335424692624e-05
   8   7.5502463602220e-06
   9   0.0000000000000e+00
  10  -3.0919589364712e-05
  11   6.5841646777282e-06
  12   0.0000000000000e+00
  13  -3.6293429532748e-05
  14   5.3738401724665e-06
  15   0.0000000000000e+00
  16  -4.0266400396790e-05
  17   3.9729708672279e-06
  18   0.0000000000000e+00
  19  -4.2703526952877e-05
  20   2.4371265580050e-06
  21   0.0000000000000e+00
  22  -4.3524737911534e-05
  23   8.2121095929163e-07
  24   0.0000000000000e+00
  25  -4.2703544034030e-05
  26  -8.2119387815522e-07
  27   0.0000000000000e+00
  28  -4.0266432060727e-05
  29  -2.4371119752337e-06
  30   0.0000000000000e+00
  31  -3.6293471104935e-05
  32  -3.9729609589887e-06
  33   0.0000000000000e+00
  34  -3.0919634621343e-05
  35  -5.3738364880281e-06
  36   0.0000000000000e+00
  37  -2.4335466744360e-05
  38  -6.5841678826211e-06
  39   0.0000000000000e+00
  40  -1.6785210675646e-05
  41  -7.5502560755051e-06
  42   0.0000000000000e+00
  43  -8.5606048129186e-06
  44  -8.2246058706016e-06
  45   0.0000000000000e+00
  46   0.0000000000000e+00
  47  -8.5606048129169e-06
  48   0.0000000000000e+00
  49  -8.9179582337923e-06
  50   1.7478545492716e-05
  51   0.0000000000000e+00
  52  -1.7480484497309e-05
  53   1.6787117341825e-05
  54   0.0000000000000e+00
  55  -2.5331886952965e-05
  56   1.5401648815883e-05
  57   0.0000000000000e+00
  58  -3.2168514188236e-05
  59   1.3420791913004e-05
  60   0.0000000000000e+00
  61  -3.7739607923508e-05
  62   1.0944933907741e-05
  63   0.0000000000000e+00
  64  -4.1852513699377e-05
  65   8.0858766430988e-06
  66   0.0000000000000e+00
  67  -4.4372754085064e-05
  68   4.9573669436935e-06
  69   0.0000000000000e+00
  70  -4.5221479490140e-05
  71   1.6699363643690e-06
  72   0.0000000000000e+00
  73  -4.4372773677449e-05
  74  -1.6698996908466e-06
  75   0.0000000000000e+00
  76  -4.1852550061688e-05
  77  -4.9573355909961e-06
  78   0.0000000000000e+00
  79  -3.7739655750773e-05
  80  -8.0858552699055e-06
  81   0.0000000000000e+00
  82  -3.2168566368216e-05
  83  -1.0944925870587e-05
  84   0.0000000000000e+00
  85  -2.5331935546676e-05
  86  -1.3420798704165e-05
  87   0.0000000000000e+00
  88  -1.7480521937334e-05
  89  -1.5401669684851e-05
  90   0.0000000000000e+00
  91  -8.9179785739411e-06
  92  -1.6787149233991e-05
  93   0.0000000000000e+00
  94   0.0000000000000e+00
  95  -1.7478583377004e-05
  96   0.0000000000000e+00
  97  -9.6312145169727e-06
  98   2.7109759998682e-05
  99   0.0000000000000e+00
 100  -1.8865979724593e-05
 101   2.6021882549440e-05
 102   0.0000000000000e+00
 103  -2.7312762830657e-05
 104   2.3848431921946e-05
 105   0.0000000000000e+00
 106  -3.4644396290825e-05
 107   2.0752425373172e-05
 108   0.0000000000000e+00
 109  -4.0598693472892e-05
 110   1.6899231089808e-05
 111   0.0000000000000e+00
 112  -4.4981054778913e-05
 113   1.2468237949120e-05
 114   0.0000000000000e+00
 115  -4.7660217942787e-05
 116   7.6365301075677e-06
 117   0.0000000000000e+00
 118  -4.8561349462636e-05
 119   2.5710678842182e-06
 120   0.0000000000000e+00
 121  -4.7660242853883e-05
 122  -2.5710062995993e-06
 123   0.0000000000000e+00
 124  -4.4981101116806e-05
 125  -7.6364773280731e-06
 126   0.0000000000000e+00
 127  -4.0598754631041e-05
 128  -1.2468201755670e-05
 129   0.0000000000000e+00
 130  -3.4644463293501e-05
 131  -1.6899217208128e-05
 132   0.0000000000000e+00
 133  -2.7312825496956e-05
 134  -2.0752436500709e-05
 135   0.0000000000000e+00
 136  -1.8866028188781e-05
 137  -2.3848466993026e-05
 138   0.0000000000000e+00
 139  -9.6312409140837e-06
 140  -2.6021936508680e-05
 141   0.0000000000000e+00
 142   0.0000000000000e+00
 143  -2.7109824280090e-05
 144   0.0000000000000e+00
 145  -1.0752937734842e-05
 146   3.7862697721177e-05
 147   0.0000000000000e+00
 148  -2.1039451483786e-05
 149   3.6308396298378e-05
 150   0.0000000000000e+00
 151  -3.0408769404453e-05
 152   3.3217749842612e-05
 153   0.0000000000000e+00
 154  -3.8497590589241e-05
 155   2.8841246557959e-05
 156   0.0000000000000e+00
 157  -4.5029686631239e-05
 158   2.3431327131806e-05
 159   0.0000000000000e+00
 160  -4.9812762640055e-05
 161   1.7251313957936e-05
 162   0.0000000000000e+00
 163  -5.2725680186910e-05
 164   1.0549447654423e-05
 165   0.0000000000000e+00
 166  -5.3703423667625e-05
 167   3.5488113649332e-06
 168   0.0000000000000e+00
 169  -5.2725713903127e-05
 170  -3.5487160640969e-06
 171   0.0000000000000e+00
 172  -4.9812825563986e-05
 173  -1.0549365667214e-05
 174   0.0000000000000e+00
 175  -4.5029770101148e-05
 176  -1.7251257218507e-05
 177   0.0000000000000e+00
 178  -3.8497682601126e-05
 179  -2.3431304708151e-05
 180   0.0000000000000e+00
 181  -3.0408856014303e-05
 182  -2.8841263087532e-05
 183   0.0000000000000e+00
 184  -2.1039518844631e-05
 185  -3.3217804162698e-05
 186   0.0000000000000e+00
 187  -1.0752974567982e-05
 188  -3.6308480785319e-05
 189   0.0000000000000e+00
 190   0.0000000000000e+00
 191  -3.7862798835740e-05
 192   0.0000000000000e+00
 193  -1.2354509683182e-05
 194   5.0217207390458e-05
 195   0.0000000000000e+00
 196  -2.4130127440866e-05
 197   4.8084014056057e-05
 198   0.0000000000000e+00
 199  -3.4785272707520e-05
 200   4.3872895109266e-05
 201   0.0000000000000e+00
 202  -4.3907510015415e-05
 203   3.7963483865854e-05
 204   0.0000000000000e+00
 205  -5.1209699805119e-05
 206   3.0733516921509e-05
 207   0.0000000000000e+00
 208  -5.6514628943579e-05
 209   2.2556243096397e-05
 210   0.0000000000000e+00
 211  -5.9726316476413e-05
 212   1.3761135187258e-05
 213   0.0000000000000e+00
 214  -6.0800951096668e-05
 215   4.6234459851887e-06
 216   0.0000000000000e+00
 217  -5.9726363506257e-05
 218  -4.6233036545077e-06
 219   0.0000000000000e+00
 220  -5.6514717115292e-05
 221  -1.3761012058179e-05
 222   0.0000000000000e+00
 223  -5.1209817590804e-05
 224  -2.2556156742996e-05
 225   0.0000000000000e+00
 226  -4.3907640980529e-05
 227  -3.0733481318425e-05
 228   0.0000000000000e+00
 229  -3.4785397107910e-05
 230  -3.7963506960151e-05
 231   0.0000000000000e+00
 232  -2.4130224982030e-05
 233  -4.3872976288579e-05
 234   0.0000000000000e+00
 235  -1.2354563323369e-05
 236  -4.8084142443969e-05
 237   0.0000000000000e+00
 238   0.0000000000000e+00
 239  -5.0217362145230e-05
 240   0.0000000000000e+00
 241  -1.4550397855146e-05
 242   6.4767605229920e-05
 243   0.0000000000000e+00
 244  -2.8341285513786e-05
 245   6.1874901714689e-05
 246   0.0000000000000e+00
 247  -4.0694683975342e-05
 248   5.6226293570821e-05
 249   0.0000000000000e+00
 250  -5.1137476959774e-05
 251   4.8406276850285e-05
 252   0.0000000000000e+00
 253  -5.9386973630230e-05
 254   3.8983013591965e-05
 255   0.0000000000000e+00
 256  -6.5309736852718e-05
 257   2.8479006318885e-05
 258   0.0000000000000e+00
 259  -6.8864005678482e-05
 260   1.7315404013021e-05
 261   0.0000000000000e+00
 262  -7.0047700736365e-05
 263   5.8071410430718e-06
 264   0.0000000000000e+00
 265  -6.8864071909929e-05
 266  -5.8069324809435e-06
 267   0.0000000000000e+00
 268  -6.5309861800109e-05
 269  -1.7315222167999e-05
 270   0.0000000000000e+00
 271  -5.9387142166234e-05
 272  -2.8478876376870e-05
 273   0.0000000000000e+00
 274  -5.1137666622272e-05
 275  -3.8982956862388e-05
 276   0.0000000000000e+00
 277  -4.0694866460789e-05
 278  -4.8406307121635e-05
 279   0.0000000000000e+00
 280  -2.8341430284339e-05
 281  -5.6226412465030e-05
 282   0.0000000000000e+00
 283  -1.4550478137462e-05
 284  -6.1875094590833e-05
 285   0.0000000000000e+00
 286   0.0000000000000e+00
 287  -6.4767840267039e-05
 288   0.0000000000000e+00
 289  -1.7523962089838e-05
 290   8.2291567302075e-05
 291   0.0000000000000e+00
 292  -3.3989944118125e-05
 293   7.8340883742969e-05
 294   0.0000000000000e+00
 295  -4.8514700727356e-05
 296   7.0751050180051e-05
 297   0.0000000000000e+00
 298  -6.0560740218112e-05
 299   6.0452316341040e-05
 300   0.0000000000000e+00
 301  -6.9890980903309e-05
 302   4.8313254277161e-05
 303   0.0000000000000e+00
 304  -7.6473339158580e-05
 305   3.5061364574156e-05
 306   0.0000000000000e+00
 307  -8.0372268648431e-05
 308   2.1214333502872e-05
 309   0.0000000000000e+00
 310  -8.1661774260380e-05
 311   7.0966466550207e-06
 312   0.0000000000000e+00
 313  -8.0372361596985e-05
 314  -7.0963451443393e-06
 315   0.0000000000000e+00
 316  -7.6473516008981e-05
 317  -2.1214067756002e-05
 318   0.0000000000000e+00
 319  -6.9891222651753e-05
 320  -3.5061169734099e-05
 321   0.0000000000000e+00
 322  -6.0561016881539e-05
 323  -4.8313162632603e-05
 324   0.0000000000000e+00
 325  -4.8514971835724e-05
 326  -6.0452352167451e-05
 327   0.0000000000000e+00
 328  -3.3990162902577e-05
 329  -7.0751221398179e-05
 330   0.0000000000000e+00
 331  -1.7524084952575e-05
 332  -7.8341172540820e-05
 333   0.0000000000000e+00
 334   0.0000000000000e+00
 335  -8.2291925201974e-05
 336   0.0000000000000e+00
 337  -2.1577384789784e-05
 338   1.0386895207204e-04
 339   0.0000000000000e+00
 340  -4.1579841790287e-05
 341   9.8343340743464e-05
 342   0.0000000000000e+00
 343  -5.8813434606354e-05
 344   8.7984642996115e-05
 345   0.0000000000000e+00
 346  -7.2699802282015e-05
 347   7.4338684016699e-05
 348   0.0000000000000e+00
 349  -8.3142870606313e-05
 350   5.8756322601456e-05
 351   0.0000000000000e+00
 352  -9.0320370229864e-05
 353   4.2238864197705e-05
 354   0.0000000000000e+00
 355  -9.4489955496281e-05
 356   2.5383918769288e-05
 357   0.0000000000000e+00
 358  -9.5854766059740e-05
 359   8.4614572184785e-06
 360   0.0000000000000e+00
 361  -9.4490084208648e-05
 362  -8.4610269954325e-06
 363   0.0000000000000e+00
 364  -9.0320617987079e-05
 365  -2.5383533977572e-05
 366   0.0000000000000e+00
 367  -8.3143215550258e-05
 368  -4.2238572170921e-05
 369   0.0000000000000e+00
 370  -7.2700206416415e-05
 371  -5.8756171766449e-05
 372   0.0000000000000e+00
 373  -5.8813841106535e-05
 374  -7.4338717477333e-05
 375   0.0000000000000e+00
 376  -4.1580178203965e-05
 377  -8.7984884300752e-05
 378   0.0000000000000e+00
 379  -2.1577577396166e-05
 380  -9.8343773348603e-05
 381   0.0000000000000e+00
 382   0.0000000000000e+00
 383  -1.0386950257837e-04
 384   0.0000000000000e+00
 385  -2.7232674521105e-05
 386   1.3110162657125e-04
 387   0.0000000000000e+00
 388  -5.1938620449554e-05
 389   1.2304928667190e-04
 390   0.0000000000000e+00
 391  -7.2459393636228e-05
 392   1.0850541618278e-04
 393   0.0000000000000e+00
 394  -8.8282163697287e-05
 395   9.0161454077754e-05
 396   0.0000000000000e+00
 397  -9.9660329010062e-05
 398   7.0134487914228e-05
 399   0.0000000000000e+00
 400  -1.0717531565828e-04
 401   4.9753850845921e-05
 402   0.0000000000000e+00
 403  -1.1141241704709e-04
 404   2.9621020158098e-05
 405   0.0000000000000e+00
 406  -1.1277725027365e-04
 407   9.8262904450370e-06
 408   0.0000000000000e+00
 409  -1.1141259119079e-04
 410  -9.8256860782978e-06
 411   0.0000000000000e+00
 412  -1.0717565618043e-04
 413  -2.9620468987931e-05
 414   0.0000000000000e+00
 415  -9.9660815145787e-05
 416  -4.9753413205566e-05
 417   0.0000000000000e+00
 418  -8.8282752127333e-05
 419  -7.0134234784906e-05
 420   0.0000000000000e+00
 421  -7.2460007980561e-05
 422  -9.0161461624110e-05
 423   0.0000000000000e+00
 424  -5.1939148241719e-05
 425  -1.0850574403960e-04
 426   0.0000000000000e+00
 427  -2.7232986021832e-05
 428  -1.2304993556847e-04
 429   0.0000000000000e+00
 430   0.0000000000000e+00
 431  -1.3110248857838e-04
 432   0.0000000000000e+00
 433  -3.5448693084132e-05
 434   1.6655031963206e-04
 435   0.0000000000000e+00
 436  -6.6482593051466e-05
 437   1.5408318663923e-04
 438   0.0000000000000e+00
 439  -9.0803355804921e-05
 440   1.3282617893623e-04
 441   0.0000000000000e+00
 442  -1.0830912986085e-04
 443   1.0766722813367e-04
 444   0.0000000000000e+00
 445  -1.2004096607837e-04
 446   8.1866324131739e-05
 447   0.0000000000000e+00
 448  -1.2730814634610e-04
 449   5.7021031113651e-05
 450   0.0000000000000e+00
 451  -1.3120714676015e-04
 452   3.3520020572144e-05
 453   0.0000000000000e+00
 454  -1.3242922679699e-04
 455   1.1048370481869e-05
 456   0.0000000000000e+00
 457  -1.3120737410042e-04
 458  -1.1047538774865e-05
 459   0.0000000000000e+00
 460  -1.2730860039807e-04
 461  -3.3519242690288e-05
 462   0.0000000000000e+00
 463  -1.2004163672513e-04
 464  -5.7020376878508e-05
 465   0.0000000000000e+00
 466  -1.0830997896658e-04
 467  -8.1865892543460e-05
 468   0.0000000000000e+00
 469  -9.0804290459952e-05
 470  -1.0766715013075e-04
 471   0.0000000000000e+00
 472  -6.6483442009757e-05
 473  -1.3282659248981e-04
 474   0.0000000000000e+00
 475  -3.5449219264636e-05
 476  -1.5408415831357e-04
 477   0.0000000000000e+00
 478   0.0000000000000e+00
 479  -1.6655170781976e-04
 480   0.0000000000000e+00
 481  -4.8123763613791e-05
 482   2.1467408322296e-04
 483   0.0000000000000e+00
 484  -8.7739730453210e-05
 485   1.9369915347863e-04
 486   0.0000000000000e+00
 487  -1.1596230668831e-04
 488   1.6104875517130e-04
 489   0.0000000000000e+00
 490  -1.3411003386283e-04
 491   1.2581495530818e-04
 492   0.0000000000000e+00
 493  -1.4488625909645e-04
 494   9.2642549365351e-05
 495   0.0000000000000e+00
 496  -1.5080915688761e-04
 497   6.2943928904801e-05
 498   0.0000000000000e+00
 499  -1.5367879685043e-04
 500   3.6389660534956e-05
 501   0.0000000000000e+00
 502  -1.5452513605372e-04
 503   1.1894709685160e-05
 504   0.0000000000000e+00
 505  -1.5367907801584e-04
 506  -1.1893596812744e-05
 507   0.0000000000000e+00
 508  -1.5080973458629e-04
 509  -3.6388586119851e-05
 510   0.0000000000000e+00
 511  -1.4488715239008e-04
 512  -6.2942959074718e-05
 513   0.0000000000000e+00
 514  -1.3411123655392e-04
 515  -9.2641808379630e-05
 516   0.0000000000000e+00
 517  -1.1596373290024e-04
 518  -1.2581465378445e-04
 519   0.0000000000000e+00
 520  -8.7741137746246e-05
 521  -1.6104918764382e-04
 522   0.0000000000000e+00
 523  -4.8124708867950e-05
 524  -1.9370058719186e-04
 525   0.0000000000000e+00
 526   0.0000000000000e+00
 527  -2.1467641666484e-04
 528   0.0000000000000e+00
 529  -6.9366716879804e-05
 530   2.8404080008466e-04
 531   0.0000000000000e+00
 532  -1.2039029588381e-04
 533   2.4472273248262e-04
 534   0.0000000000000e+00
 535  -1.5119610665524e-04
 536   1.9185456594267e-04
 537   0.0000000000000e+00
 538  -1.6728243980542e-04
 539   1.4190128845834e-04
 540   0.0000000000000e+00
 541  -1.7458487955670e-04
 542   9.9944989116613e-05
 543   0.0000000000000e+00
 544  -1.7736342525715e-04
 545   6.5722474605243e-05
 546   0.0000000000000e+00
 547  -1.7817374769992e-04
 548   3.7199982977718e-05
 549   0.0000000000000e+00
 550  -1.7831344255132e-04
 551   1.2034404536560e-05
 552   0.0000000000000e+00
 553  -1.7817406732265e-04
 554  -1.2032972041422e-05
 555   0.0000000000000e+00
 556  -1.7736410754085e-04
 557  -3.7198545901653e-05
 558   0.0000000000000e+00
 559  -1.7458600169469e-04
 560  -6.5721064920888e-05
 561   0.0000000000000e+00
 562  -1.6728408195850e-04
 563  -9.9943728115834e-05
 564   0.0000000000000e+00
 565  -1.5119826686410e-04
 566  -1.4190046887888e-04
 567   0.0000000000000e+00
 568  -1.2039270480510e-04
 569  -1.9185474970288e-04
 570   0.0000000000000e+00
 571  -6.9368566249406e-05
 572  -2.4472472574755e-04
 573   0.0000000000000e+00
 574   0.0000000000000e+00
 575  -2.8404498289607e-04
 576   0.0000000000000e+00
 577  -1.0903942138722e-04
 578   3.9308022146624e-04
 579   0.0000000000000e+00
 580  -1.7325868295085e-04
 581   3.0894199404619e-04
 582   0.0000000000000e+00
 583  -2.0114938379652e-04
 584   2.1974526678822e-04
 585   0.0000000000000e+00
 586  -2.0923873866480e-04
 587   1.4999064332657e-04
 588   0.0000000000000e+00
 589  -2.0880739358454e-04
 590   9.9513644036327e-05
 591   0.0000000000000e+00
 592  -2.0588591640040e-04
 593   6.2800997421093e-05
 594   0.0000000000000e+00
 595  -2.0333932565624e-04
 596   3.4653392233552e-05
 597   0.0000000000000e+00
 598  -2.0238081864399e-04
 599   1.1075897524301e-05
 600   0.0000000000000e+00
 601  -2.0333964069707e-04
 602  -1.1074149988340e-05
 603   0.0000000000000e+00
 604  -2.0588662607371e-04
 605  -3.4651560525020e-05
 606   0.0000000000000e+00
 607  -2.0880866440249e-04
 608  -6.2799026592113e-05
 609   0.0000000000000e+00
 610  -2.0924082223335e-04
 611  -9.9511570285001e-05
 612   0.0000000000000e+00
 613  -2.0115254733679e-04
 614  -1.4998874377549e-04
 615   0.0000000000000e+00
 616  -1.7326290213889e-04
 617  -2.1974439490088e-04
 618   0.0000000000000e+00
 619  -1.0904346836443e-04
 620  -3.0894415952207e-04
 621   0.0000000000000e+00
 622   0.0000000000000e+00
 623  -3.9308845125473e-04
 624   0.0000000000000e+00
 625  -1.9366768991481e-04
 626   5.8674791138969e-04
 627   0.0000000000000e+00
 628  -2.6245494690912e-04
 629   3.7772925104025e-04
 630   0.0000000000000e+00
 631  -2.7090323469446e-04
 632   2.2819355457330e-04
 633   0.0000000000000e+00
 634  -2.5971496321636e-04
 635   1.3880237184837e-04
 636   0.0000000000000e+00
 637  -2.4551926435081e-04
 638   8.5317945170735e-05
 639   0.0000000000000e+00
 640  -2.3403274504008e-04
 641   5.1314478110335e-05
 642   0.0000000000000e+00
 643  -2.2691604331320e-04
 644   2.7536690506659e-05
 645   0.0000000000000e+00
 646  -2.2453008867697e-04
 647   8.6899428880649e-06
 648   0.0000000000000e+00
 649  -2.2691627332193e-04
 650  -8.6879653433943e-06
 651   0.0000000000000e+00
 652  -2.3403331370906e-04
 653  -2.7534520137905e-05
 654   0.0000000000000e+00
 655  -2.4552042893481e-04
 656  -5.1311911366389e-05
 657   0.0000000000000e+00
 658  -2.5971721539984e-04
 659  -8.5314783820020e-05
 660   0.0000000000000e+00
 661  -2.7090741624637e-04
 662  -1.3879854292907e-04
 663   0.0000000000000e+00
 664  -2.6246218752020e-04
 665  -2.2818962362731e-04
 666   0.0000000000000e+00
 667  -1.9367778235570e-04
 668  -3.7772856468684e-04
 669   0.0000000000000e+00
 670   0.0000000000000e+00
 671  -5.8676623362043e-04
 672   0.0000000000000e+00
 673  -4.0219117561145e-04
 674   9.8893908696292e-04
 675   0.0000000000000e+00
 676  -4.1075214438031e-04
 677   3.8629021980828e-04
 678   0.0000000000000e+00
 679  -3.5905201245919e-04
 680   1.7649342264770e-04
 681   0.0000000000000e+00
 682  -3.1195553540834e-04
 683   9.1705894790629e-05
 684   0.0000000000000e+00
 685  -2.7827816058876e-04
 686   5.1640570342932e-05
 687   0.0000000000000e+00
 688  -2.5656554438284e-04
 689   2.9601861895543e-05
 690   0.0000000000000e+00
 691  -2.4451751291077e-04
 692   1.5488659025453e-05
 693   0.0000000000000e+00
 694  -2.4066247497131e-04
 695   4.8349049393777e-06
 696   0.0000000000000e+00
 697  -2.4451705472846e-04
 698  -4.8333855954629e-06
 699   0.0000000000000e+00
 700  -2.5656461764822e-04
 701  -1.5486957227252e-05
 702   0.0000000000000e+00
 703  -2.7827675051587e-04
 704  -2.9599778507539e-05
 705   0.0000000000000e+00
 706  -3.1195362678127e-04
 707  -5.1637907562751e-05
 708   0.0000000000000e+00
 709  -3.5904955721811e-04
 710  -9.1702612498976e-05
 711   0.0000000000000e+00
 712  -4.1074892468733e-04
 713  -1.7649025616249e-04
 714   0.0000000000000e+00
 715  -4.0218689493162e-04
 716  -3.8629059444307e-04
 717   0.0000000000000e+00
 718   0.0000000000000e+00
 719  -9.8895312849203e-04
 720   0.0000000000000e+00
 721   2.9889390869477e-03
 722   0.0000000000000e+00
 723   0.0000000000000e+00
 724   3.3752293067308e-03
 725   0.0000000000000e+00
 726   0.0000000000000e+00
 727   3.5517227294118e-03
 728   0.0000000000000e+00
 729   0.0000000000000e+00
 730   3.6434286242207e-03
 731   0.0000000000000e+00
 732   0.0000000000000e+00
 733   3.6950691945715e-03
 734   0.0000000000000e+00
 735   0.0000000000000e+00
 736   3.7246710564718e-03
 737   0.0000000000000e+00
 738   0.0000000000000e+00
 739   3.7401597155028e-03
 740   0.0000000000000e+00
 741   0.0000000000000e+00
 742   3.7449946204503e-03
 743   0.0000000000000e+00
 744   0.0000000000000e+00
 745   3.7401612348658e-03
 746   0.0000000000000e+00
 747   0.0000000000000e+00
 748   3.7246742776515e-03
 749   0.0000000000000e+00
 750   0.0000000000000e+00
 751   3.6950744991567e-03
 752   0.0000000000000e+00
 753   0.0000000000000e+00
 754   3.6434365916012e-03
 755   0.0000000000000e+00
 756   0.0000000000000e+00
 757   3.5517339790958e-03
 758   0.0000000000000e+00
 759   0.0000000000000e+00
 760   3.3752437229122e-03
 761   0.0000000000000e+00
 762   0.0000000000000e+00
 763   2.9889531285078e-03
 764   0.0000000000000e+00
 765   0.0000000000000e+00
 766   0.0000000000000e+00
 767   0.0000000000000e+00
 768   0.0000000000000e+00
