1   4.8684473419763e-03
2   8.0169262393692e-03
3   5.5316003693510e-03
4  -4.0059806317838e-03
5  -2.1911770967562e-02
6  -4.6896567830282e-02
7  -7.2371641136644e-02
8  -9.0018652651688e-02
9  -9.4093814447960e-02
10  -8.2489305835461e-02
11  -5.6938522387179e-02
12  -2.3561018172159e-02
13   6.5752126980974e-03
14   1.9903955488606e-02
15   1.2031378296573e-02
16   1.2324294298847e-03
17  -6.5578615400630e-03
18  -2.9233691376625e-02
19  -6.5915000402706e-02
20  -1.0958620037830e-01
21  -1.4939251243067e-01
22  -1.7692248768172e-01
23  -1.8918540463339e-01
24  -1.8539241847730e-01
25  -1.6559077999363e-01
26  -1.3081626456865e-01
27  -8.4174131014756e-02
28  -3.3213696627051e-02
29   6.0139592387518e-03
30   1.2728368040074e-02
31  -1.0400476646805e-02
32  -3.6722422777028e-02
33  -7.9320485219532e-02
34  -1.3032916591811e-01
35  -1.7910774895748e-01
36  -2.1726654373833e-01
37  -2.4170057556049e-01
38  -2.5274697128631e-01
39  -2.5061426768496e-01
40  -2.3522530518150e-01
41  -2.0577581555266e-01
42  -1.6126988866736e-01
43  -1.0181447581868e-01
44  -3.5349307486152e-02
45   5.9931632425095e-03
46  -2.2829430408423e-02
47  -6.4187757330452e-02
48  -1.1771656496327e-01
49  -1.7099363656572e-01
50  -2.1552203833435e-01
51  -2.4704214937729e-01
52  -2.6608893867671e-01
53  -2.7502352986633e-01
54  -2.7463534759745e-01
55  -2.6540205852151e-01
56  -2.4614176193035e-01
57  -2.1410944636223e-01
58  -1.6389055337373e-01
59  -8.9975409121757e-02
60  -7.6937046262415e-03
61  -3.3376339124656e-02
62  -8.2619246106819e-02
63  -1.3466325528636e-01
64  -1.8086547569729e-01
65  -2.1572213059511e-01
66  -2.3760405415904e-01
67  -2.5063171842979e-01
68  -2.5700455210637e-01
69  -2.5778251871873e-01
70  -2.5350492170319e-01
71  -2.4371864097474e-01
72  -2.2637806310838e-01
73  -1.9586706013169e-01
74  -1.3999690584763e-01
75  -4.5595883887245e-02
76  -3.2258765049678e-02
77  -7.8484285993684e-02
78  -1.2601073874435e-01
79  -1.6389152789817e-01
80  -1.8817442827240e-01
81  -2.0255849235373e-01
82  -2.1179881991935e-01
83  -2.1677606625099e-01
84  -2.1836213014048e-01
85  -2.1667421585649e-01
86  -2.1193081695597e-01
87  -2.0374106304769e-01
88  -1.8967543200681e-01
89  -1.6049835654392e-01
90  -9.3062114729797e-02
91  -2.9998153710161e-02
92  -7.2089301571084e-02
93  -1.0736995857595e-01
94  -1.3116922653724e-01
95  -1.4565220070285e-01
96  -1.5503642101538e-01
97  -1.6208131179897e-01
98  -1.6673388085487e-01
99  -1.6966099206507e-01
100  -1.7041443852377e-01
101  -1.6878921997429e-01
102  -1.6487475103149e-01
103  -1.5856620975621e-01
104  -1.4583105135175e-01
105  -1.0687298185757e-01
106  -1.6703377813543e-02
107  -4.2723091020142e-02
108  -6.6642564215809e-02
109  -8.3444284389164e-02
110  -9.2797936597904e-02
111  -9.8893191203547e-02
112  -1.0357609406026e-01
113  -1.0768794712180e-01
114  -1.1200526265356e-01
115  -1.1615381713011e-01
116  -1.1908656301216e-01
117  -1.2003685926768e-01
118  -1.1898315953545e-01
119  -1.1536036287729e-01
120  -9.3026843759263e-02
121  -4.9323241021352e-03
122  -2.3227417714646e-02
123  -3.5544120810950e-02
124  -3.9598992433535e-02
125  -3.9566633887554e-02
126  -3.8995096849271e-02
127  -3.9106171554433e-02
128  -4.1325009237338e-02
129  -4.6084299322795e-02
130  -5.3267874794012e-02
131  -6.1511965798993e-02
132  -6.9007676888814e-02
133  -7.3933028505007e-02
134  -7.8297953185918e-02
135  -7.0637445413675e-02
136   1.2113628851588e-02
137   1.5807878468644e-02
138   1.7666831866951e-02
139   2.0394549923971e-02
140   2.4849914368230e-02
141   2.8988182428070e-02
142   3.1182657869551e-02
143   2.9672597917725e-02
144   2.4176308606511e-02
145   1.4318016641786e-02
146   9.1205895508836e-04
147  -1.4836638148984e-02
148  -2.7987233355242e-02
149  -4.0407362607566e-02
150  -4.6279957892329e-02
151   2.4880407525271e-02
152   3.3466568686297e-02
153   4.4246603213859e-02
154   5.9083237797010e-02
155   7.4517108398932e-02
156   8.7061722699589e-02
157   9.5489860295700e-02
158   9.8024273754039e-02
159   9.4310827177130e-02
160   8.3285086781027e-02
161   6.6182286150079e-02
162   4.2506764158188e-02
163   1.8546103458912e-02
164  -5.1619430854280e-03
165  -2.5729183569526e-02
166   3.7266875850555e-02
167   7.2991598136193e-02
168   1.0210233913812e-01
169   1.2644334896762e-01
170   1.4699617821099e-01
171   1.6214323112888e-01
172   1.7136573683085e-01
173   1.7329000799560e-01
174   1.6819603949613e-01
175   1.5383277941265e-01
176   1.3171356939582e-01
177   9.9925130383148e-02
178   6.4317406100215e-02
179   2.7264673837349e-02
180  -8.6566519763886e-03
181   3.5321548260598e-02
182   6.4796901768795e-02
183   1.0099694380609e-01
184   1.3857187130062e-01
185   1.7213255251778e-01
186   1.9851667172212e-01
187   2.1712106060344e-01
188   2.2554019611220e-01
189   2.2474221782830e-01
190   2.1236084731407e-01
191   1.8993539502275e-01
192   1.5456318948897e-01
193   1.0940907532609e-01
194   5.6664307923792e-02
195   6.2623117484484e-03
196   2.6375640938315e-02
197   9.7565064106535e-02
198   1.6447565571049e-01
199   2.1884757693126e-01
200   2.5906767944444e-01
201   2.8608189378086e-01
202   3.0227300150117e-01
203   3.0683303393753e-01
204   3.0111963207662e-01
205   2.8326026020325e-01
206   2.5420955284350e-01
207   2.1115909306412e-01
208   1.5489211065165e-01
209   8.7307356124212e-02
210   2.8254743278466e-02
211  -8.6321834220945e-02
212  -5.4259547800882e-02
213   9.9284714215229e-03
214   7.4124509774292e-02
215   1.2960133006743e-01
216   1.7458974883470e-01
217   2.0978676447741e-01
218   2.3419604968472e-01
219   2.4844867933946e-01
220   2.5138183844250e-01
221   2.4308288670295e-01
222   2.2183689219136e-01
223   1.8724315228500e-01
224   1.3983292084745e-01
225   9.0128198791283e-02
226   9.4909337893150e-02
227   1.6774439801239e-01
228   2.5097160771026e-01
229   3.3229272064307e-01
230   4.0042386328518e-01
231   4.5602593148855e-01
232   4.9679013937135e-01
233   5.2858155635302e-01
234   5.4720030457648e-01
235   5.6000783710890e-01
236   5.5854528418710e-01
237   5.5187753898993e-01
238   5.2267939908494e-01
239   4.7384118093255e-01
240   3.4211584264752e-01
241  -5.0044973600051e-03
242  -3.2121945370309e-03
243   2.4609566551232e-03
244   9.5403785129611e-03
245   1.7939674152847e-02
246   2.5084823970388e-02
247   2.5522615057564e-02
248   1.7613938106478e-02
249   4.0403732326252e-03
250  -1.1607576564325e-02
251  -2.5555011815064e-02
252  -3.3384199235540e-02
253  -3.0141223606764e-02
254  -1.3334290560863e-02
255   7.8808258094606e-03
256   1.2027760328560e-02
257  -6.2614238137913e-03
258   4.5525338543143e-03
259   2.5147994206038e-02
260   4.6258934900012e-02
261   6.1613204719398e-02
262   6.4828274262015e-02
263   5.2980398810279e-02
264   2.9843729981197e-02
265   2.6145644454832e-04
266  -3.1406080990007e-02
267  -6.0329435044274e-02
268  -7.9982371420353e-02
269  -8.1062935014117e-02
270  -5.2518072164097e-02
271   1.1852330689158e-03
272   2.4758923317309e-02
273   4.1757599687766e-03
274   3.0850161606326e-02
275   6.7756362978165e-02
276   9.7276662865102e-02
277   1.1037593266462e-01
278   1.0297675157497e-01
279   7.7437381230808e-02
280   4.0917074884624e-02
281  -1.8676491603778e-03
282  -4.6801035013664e-02
283  -8.9765464498730e-02
284  -1.2450358268797e-01
285  -1.4052329417577e-01
286  -1.1895519784994e-01
287  -4.0109027725457e-02
288   3.0694502790458e-02
289   2.7036733417294e-02
290   7.2137020593679e-02
291   1.2126059076270e-01
292   1.5056764211256e-01
293   1.5491769891193e-01
294   1.3452478732353e-01
295   9.6461666008235e-02
296   4.9831851699882e-02
297  -2.2719466988291e-03
298  -5.6061323748291e-02
299  -1.0906321628270e-01
300  -1.5658885893303e-01
301  -1.9079673206732e-01
302  -1.9292175773409e-01
303  -1.2234104546610e-01
304   2.2992458247470e-02
305   6.0432774353098e-02
306   1.2129023685052e-01
307   1.7327708068936e-01
308   1.9679151127607e-01
309   1.8979139929909e-01
310   1.5641322796432e-01
311   1.0952667151090e-01
312   5.6235352175918e-02
313  -1.4698099488034e-03
314  -6.0306529187555e-02
315  -1.1883059110592e-01
316  -1.7392463931458e-01
317  -2.2130025672188e-01
318  -2.4880509964704e-01
319  -2.1681172317123e-01
320  -2.2414755935837e-02
321   9.2711809967797e-02
322   1.6744521728412e-01
323   2.2080933362043e-01
324   2.3472158049898e-01
325   2.1408702599360e-01
326   1.7080618068798e-01
327   1.1878024876888e-01
328   6.1201360543431e-02
329   1.3447056192669e-04
330  -6.1951515307982e-02
331  -1.2353592669672e-01
332  -1.8205724832130e-01
333  -2.3531728122572e-01
334  -2.7793747459816e-01
335  -2.8429109616801e-01
336  -1.1550721329300e-01
337   1.2272308076013e-01
338   2.0947630518645e-01
339   2.5609999253003e-01
340   2.5854195735636e-01
341   2.2854964435624e-01
342   1.8018892583424e-01
343   1.2577901269316e-01
344   6.5789945296774e-02
345   3.0325754346112e-03
346  -6.1195474910436e-02
347  -1.2512311520835e-01
348  -1.8594769095277e-01
349  -2.4161499455122e-01
350  -2.9065343152315e-01
351  -3.2319162584235e-01
352  -2.2244210927523e-01
353   1.3945195038102e-01
354   2.3545855035444e-01
355   2.8002322112688e-01
356   2.7536214523462e-01
357   2.3788888282241e-01
358   1.8628461798629e-01
359   1.3040565799109e-01
360   6.9829332807296e-02
361   7.3107289024639e-03
362  -5.7034306201340e-02
363  -1.2217444791360e-01
364  -1.8500394922487e-01
365  -2.4266965435366e-01
366  -2.9429477619258e-01
367  -3.4551868052296e-01
368  -3.1548087981045e-01
369   1.4439378661652e-01
370   2.5373002473827e-01
371   2.9234624270002e-01
372   2.7942981483726e-01
373   2.3786959244464e-01
374   1.8574536389369e-01
375   1.3051575128270e-01
376   7.2040636641816e-02
377   1.2102326747428e-02
378  -4.9767438342813e-02
379  -1.1386219976658e-01
380  -1.7752010953048e-01
381  -2.3776974405230e-01
382  -2.8992697152315e-01
383  -3.5321100911668e-01
384  -3.8607866476843e-01
385   1.3230695690594e-01
386   2.5000214263841e-01
387   2.9046801991781e-01
388   2.7673131596436e-01
389   2.3344936027734e-01
390   1.8165202503021e-01
391   1.2835886999666e-01
392   7.3566351936955e-02
393   1.7624802746901e-02
394  -3.9839423286309e-02
395  -1.0037508954499e-01
396  -1.6179184512257e-01
397  -2.2466948990838e-01
398  -2.7752321813486e-01
399  -3.4740417699904e-01
400  -4.3233019268910e-01
401   1.0743761383697e-01
402   2.4141092316928e-01
403   2.7967929728061e-01
404   2.6188934991314e-01
405   2.1802953571508e-01
406   1.6913846567306e-01
407   1.1996111222403e-01
408   7.1014778593455e-02
409   2.1293687479456e-02
410  -2.8854322333896e-02
411  -8.3270106679615e-02
412  -1.3814663133344e-01
413  -2.0075419689584e-01
414  -2.5379265557777e-01
415  -3.2686955247046e-01
416  -4.5808061402049e-01
417   7.0177451153724e-02
418   2.0566616018144e-01
419   2.5052310444409e-01
420   2.3752214846020e-01
421   1.9745590669820e-01
422   1.5400038863341e-01
423   1.1075744665991e-01
424   6.9089042546918e-02
425   2.6341535198096e-02
426  -1.4562127860398e-02
427  -6.1197319156820e-02
428  -1.0639421499997e-01
429  -1.6518793591964e-01
430  -2.1672079432910e-01
431  -2.9095737335971e-01
432  -4.6673401143882e-01
433   3.4935684970940e-02
434   1.7618721594975e-01
435   2.1431202561600e-01
436   1.9992702565657e-01
437   1.6390235170259e-01
438   1.2764535234690e-01
439   9.2210295901179e-02
440   6.0719510681684e-02
441   2.7172861075687e-02
442  -2.1744761752393e-03
443  -3.8771865127794e-02
444  -7.1013309898914e-02
445  -1.2002581478038e-01
446  -1.6391983813064e-01
447  -2.4055111253807e-01
448  -4.6047521057254e-01
449   8.5631827167694e-03
450   1.0500788860265e-01
451   1.4736332178182e-01
452   1.4551106155120e-01
453   1.2364198125364e-01
454   1.0061931383436e-01
455   7.6027886836865e-02
456   5.6196468792343e-02
457   3.2940581582364e-02
458   1.5726025119696e-02
459  -9.6875168878876e-03
460  -2.7922896472127e-02
461  -6.3733557565296e-02
462  -9.6317442118423e-02
463  -1.8146769321239e-01
464  -4.3224731363578e-01
465   9.4916874466431e-02
466   7.2957534198024e-02
467   8.3196629274177e-02
468   8.1297832886784e-02
469   6.8126459462004e-02
470   5.5585057636539e-02
471   4.0798714416535e-02
472   3.1774008634722e-02
473   1.8664797480644e-02
474   1.2787921699114e-02
475  -1.4075209965356e-03
476  -6.6961590623754e-03
477  -2.9178588154528e-02
478  -4.8929837680362e-02
479  -1.3170728578976e-01
480  -3.4217619123750e-01
481   2.4288904749803e-02
482   2.4044360928623e-02
483   2.3479724832451e-02
484   2.2694276545830e-02
485   2.1801922858375e-02
486   2.1021933966296e-02
487   2.0649572965523e-02
488   2.0959408190892e-02
489   2.2132769523635e-02
490   2.4061981635848e-02
491   2.6162099438533e-02
492   2.7525573469355e-02
493   2.7507053531274e-02
494   2.6362096598493e-02
495   2.5145448829543e-02
496   2.4717199031314e-02
497   2.4540293604019e-02
498   2.4279455310406e-02
499   2.3763681617552e-02
500   2.2973033341287e-02
501   2.1892642200417e-02
502   2.0678780092997e-02
503   1.9729253232089e-02
504   1.9527972779855e-02
505   2.0405654056224e-02
506   2.2290947580131e-02
507   2.4570946872765e-02
508   2.6262165739121e-02
509   2.6593664702191e-02
510   2.5711701221430e-02
511   2.4619243982233e-02
512   2.4197118160695e-02
513   2.5096142691663e-02
514   2.4691295999772e-02
515   2.3935018370995e-02
516   2.2556530084362e-02
517   2.0446223404610e-02
518   1.7890637498244e-02
519   1.5603767156598e-02
520   1.4391644472330e-02
521   1.4777366180079e-02
522   1.6764162275433e-02
523   1.9753570720816e-02
524   2.2656582592494e-02
525   2.4336583658332e-02
526   2.4379615890618e-02
527   2.3518428580471e-02
528   2.2804411869828e-02
529   2.5456591555053e-02
530   2.4738921518072e-02
531   2.3249865240195e-02
532   2.0439297248752e-02
533   1.6266288712557e-02
534   1.1437033195456e-02
535   7.1608566205198e-03
536   4.5275348686137e-03
537   4.1615880166450e-03
538   6.1528690110978e-03
539   1.0044965130711e-02
540   1.4835672006938e-02
541   1.9104316621685e-02
542   2.1479933793614e-02
543   2.1688991944605e-02
544   2.0550076734873e-02
545   2.4889229256441e-02
546   2.3659713485272e-02
547   2.0872017725385e-02
548   1.5839524692420e-02
549   8.8767347411877e-03
550   1.3738729913127e-03
551  -4.9884255618900e-03
552  -9.0591873375462e-03
553  -1.0276164678252e-02
554  -8.5049419721677e-03
555  -3.9988609303869e-03
556   2.5438197645355e-03
557   9.8242148735796e-03
558   1.5804731907292e-02
559   1.8449453636254e-02
560   1.7681904983911e-02
561   2.2699821059523e-02
562   2.0861317073751e-02
563   1.6451621849380e-02
564   8.8800995981263e-03
565  -8.6701277141279e-04
566  -1.0606098995565e-02
567  -1.8450865271088e-02
568  -2.3496250408928e-02
569  -2.5376263282502e-02
570  -2.3981846953189e-02
571  -1.9396049365732e-02
572  -1.1941484349100e-02
573  -2.4369937172129e-03
574   7.2699098862161e-03
575   1.3887289757246e-02
576   1.5636977600424e-02
577   1.9162101097275e-02
578   1.6644627111579e-02
579   1.0518279376420e-02
580   6.4860700226829e-04
581  -1.1115556293247e-02
582  -2.2025786399815e-02
583  -3.0410069745791e-02
584  -3.5794770395789e-02
585  -3.8027922281587e-02
586  -3.7053975861842e-02
587  -3.2834092263740e-02
588  -2.5378566658289e-02
589  -1.4954106529273e-02
590  -2.5924986013839e-03
591   8.6260599317865e-03
592   1.4640228714351e-02
593   1.4886087002252e-02
594   1.1839297188621e-02
595   4.3615497333554e-03
596  -7.0267850081107e-03
597  -1.9701685464432e-02
598  -3.0699800208984e-02
599  -3.8853624075057e-02
600  -4.4110143023472e-02
601  -4.6458183926020e-02
602  -4.5885444590337e-02
603  -4.2277127116357e-02
604  -3.5460270970802e-02
605  -2.5309363206755e-02
606  -1.2055727150685e-02
607   2.3418659717135e-03
608   1.2140839537232e-02
609   1.1284109043901e-02
610   7.8793803229552e-03
611  -4.9816644445079e-04
612  -1.2594018881234e-02
613  -2.5150726397687e-02
614  -3.5448016581955e-02
615  -4.2967859698564e-02
616  -4.7883838071446e-02
617  -5.0206620127787e-02
618  -4.9940638589772e-02
619  -4.6955420613140e-02
620  -4.1032041021597e-02
621  -3.1903201470716e-02
622  -1.9422239624138e-02
623  -4.4982077732100e-03
624   6.9115242329962e-03
625   9.3092942663915e-03
626   5.8551955295202e-03
627  -2.7250697801131e-03
628  -1.4651929200191e-02
629  -2.6471612036280e-02
630  -3.5907325742881e-02
631  -4.2856346178094e-02
632  -4.7481848750849e-02
633  -4.9733440482204e-02
634  -4.9613160495457e-02
635  -4.7025599969401e-02
636  -4.1838853160868e-02
637  -3.3851466095809e-02
638  -2.2983607125127e-02
639  -9.7075393314064e-03
640   9.9794936412069e-04
641   9.7168037886453e-03
642   6.5516226805916e-03
643  -1.6676758104759e-03
644  -1.2960078917682e-02
645  -2.3889719067717e-02
646  -3.2666516901585e-02
647  -3.9334786101537e-02
648  -4.3838343829766e-02
649  -4.6023265863340e-02
650  -4.5860612284722e-02
651  -4.3291775571370e-02
652  -3.8330268079487e-02
653  -3.0969908299646e-02
654  -2.1469170508941e-02
655  -1.0516418902003e-02
656  -1.6472492362628e-03
657   1.1916657878430e-02
658   9.7234231146228e-03
659   2.9762564857024e-03
660  -7.2790208859472e-03
661  -1.7713342736819e-02
662  -2.6449244167126e-02
663  -3.3285068897515e-02
664  -3.7924672138964e-02
665  -4.0127623703939e-02
666  -3.9802566538668e-02
667  -3.6882925425867e-02
668  -3.1480162189583e-02
669  -2.3790436006578e-02
670  -1.4469912634381e-02
671  -4.8442390462572e-03
672   2.8527508923697e-03
673   1.4780877678879e-02
674   1.4601897489153e-02
675   1.0242590089461e-02
676   1.0918596271288e-03
677  -9.2294797547009e-03
678  -1.8394234714178e-02
679  -2.5763413188613e-02
680  -3.0791938903149e-02
681  -3.3150836801251e-02
682  -3.2662320496834e-02
683  -2.9163295232404e-02
684  -2.2727898530486e-02
685  -1.3584042599413e-02
686  -2.6476467443561e-03
687   8.1501245002297e-03
688   1.7831564382474e-02
689   1.6030610370074e-02
690   1.9686759547318e-02
691   1.9857390525983e-02
692   1.1997336317739e-02
693   1.0800693083933e-03
694  -9.2278327038607e-03
695  -1.7603811859330e-02
696  -2.3348789249704e-02
697  -2.6047246345390e-02
698  -2.5472438719463e-02
699  -2.1367260170819e-02
700  -1.3608460006017e-02
701  -2.1540587416045e-03
702   1.2361585184216e-02
703   2.8578582461864e-02
704   4.8400105629055e-02
705   1.6647443453565e-02
706   2.5011305818310e-02
707   2.7994150923199e-02
708   2.1529091046988e-02
709   1.0345913690871e-02
710  -1.0237770055321e-03
711  -1.0441214480573e-02
712  -1.6996642201745e-02
713  -2.0201756243568e-02
714  -1.9734192015094e-02
715  -1.5261876963395e-02
716  -6.3062314095374e-03
717   7.8361921540575e-03
718   2.8474902151572e-02
719   5.8084937161174e-02
720   1.0642768275428e-01
721   9.6476511482649e-03
722   2.8627124858355e-02
723   3.3344691829541e-02
724   2.7806034443834e-02
725   1.6866969721384e-02
726   5.0240686914045e-03
727  -5.2009862927913e-03
728  -1.2484009118801e-02
729  -1.6251038052194e-02
730  -1.5996632027911e-02
731  -1.1387850159215e-02
732  -1.2945561291135e-03
733   1.6254118933526e-02
734   4.7053208780877e-02
735   1.0366555115361e-01
736   1.9868868738705e-01
