     1  1          2
     4  1         -1
    25  1         -1
     2  2          1
     3  3          1
     1  4         -1
     4  4          3
     7  4         -1
    28  4         -1
     5  5          1
     6  6          1
     4  7         -1
     7  7          3
    10  7         -1
    31  7         -1
     8  8          1
     9  9          1
     7  10        -1
    10  10         3
    13  10        -1
    34  10        -1
    11  11         1
    12  12         1
    10  13        -1
    13  13         3
    16  13        -1
    37  13        -1
    14  14         1
    15  15         1
    13  16        -1
    16  16         3
    19  16        -1
    40  16        -1
    17  17         1
    18  18         1
    16  19        -1
    19  19         3
    22  19        -1
    43  19        -1
    20  20         1
    21  21         1
    19  22        -1
    22  22         2
    46  22        -1
    23  23         1
    24  24         1
     1  25        -1
    25  25         3
    28  25        -1
    49  25        -1
    26  26         1
    27  27         1
     4  28        -1
    25  28        -1
    28  28         4
    31  28        -1
    52  28        -1
    29  29         1
    30  30         1
     7  31        -1
    28  31        -1
    31  31         4
    34  31        -1
    55  31        -1
    32  32         1
    33  33         1
    10  34        -1
    31  34        -1
    34  34         4
    37  34        -1
    58  34        -1
    35  35         1
    36  36         1
    13  37        -1
    34  37        -1
    37  37         4
    40  37        -1
    61  37        -1
    38  38         1
    39  39         1
    16  40        -1
    37  40        -1
    40  40         4
    43  40        -1
    64  40        -1
    41  41         1
    42  42         1
    19  43        -1
    40  43        -1
    43  43         4
    46  43        -1
    67  43        -1
    44  44         1
    45  45         1
    22  46        -1
    43  46        -1
    46  46         3
    70  46        -1
    47  47         1
    48  48         1
    25  49        -1
    49  49         3
    52  49        -1
    73  49        -1
    50  50         1
    51  51         1
    28  52        -1
    49  52        -1
    52  52         4
    55  52        -1
    76  52        -1
    53  53         1
    54  54         1
    31  55        -1
    52  55        -1
    55  55         4
    58  55        -1
    79  55        -1
    56  56         1
    57  57         1
    34  58        -1
    55  58        -1
    58  58         4
    61  58        -1
    82  58        -1
    59  59         1
    60  60         1
    37  61        -1
    58  61        -1
    61  61         4
    64  61        -1
    85  61        -1
    62  62         1
    63  63         1
    40  64        -1
    61  64        -1
    64  64         4
    67  64        -1
    88  64        -1
    65  65         1
    66  66         1
    43  67        -1
    64  67        -1
    67  67         4
    70  67        -1
    91  67        -1
    68  68         1
    69  69         1
    46  70        -1
    67  70        -1
    70  70         3
    94  70        -1
    71  71         1
    72  72         1
    49  73        -1
    73  73         3
    76  73        -1
    97  73        -1
    74  74         1
    75  75         1
    52  76        -1
    73  76        -1
    76  76         4
    79  76        -1
   100  76        -1
    77  77         1
    78  78         1
    55  79        -1
    76  79        -1
    79  79         4
    82  79        -1
   103  79        -1
    80  80         1
    81  81         1
    58  82        -1
    79  82        -1
    82  82         4
    85  82        -1
   106  82        -1
    83  83         1
    84  84         1
    61  85        -1
    82  85        -1
    85  85         4
    88  85        -1
   109  85        -1
    86  86         1
    87  87         1
    64  88        -1
    85  88        -1
    88  88         4
    91  88        -1
   112  88        -1
    89  89         1
    90  90         1
    67  91        -1
    88  91        -1
    91  91         4
    94  91        -1
   115  91        -1
    92  92         1
    93  93         1
    70  94        -1
    91  94        -1
    94  94         3
   118  94        -1
    95  95         1
    96  96         1
    73  97        -1
    97  97         3
   100  97        -1
   121  97        -1
    98  98         1
    99  99         1
    76  100       -1
    97  100       -1
   100  100        4
   103  100       -1
   124  100       -1
   101  101        1
   102  102        1
    79  103       -1
   100  103       -1
   103  103        4
   106  103       -1
   127  103       -1
   104  104        1
   105  105        1
    82  106       -1
   103  106       -1
   106  106        4
   109  106       -1
   130  106       -1
   107  107        1
   108  108        1
    85  109       -1
   106  109       -1
   109  109        4
   112  109       -1
   133  109       -1
   110  110        1
   111  111        1
    88  112       -1
   109  112       -1
   112  112        4
   115  112       -1
   136  112       -1
   113  113        1
   114  114        1
    91  115       -1
   112  115       -1
   115  115        4
   118  115       -1
   139  115       -1
   116  116        1
   117  117        1
    94  118       -1
   115  118       -1
   118  118        3
   142  118       -1
   119  119        1
   120  120        1
    97  121       -1
   121  121        3
   124  121       -1
   145  121       -1
   122  122        1
   123  123        1
   100  124       -1
   121  124       -1
   124  124        4
   127  124       -1
   148  124       -1
   125  125        1
   126  126        1
   103  127       -1
   124  127       -1
   127  127        4
   130  127       -1
   151  127       -1
   128  128        1
   129  129        1
   106  130       -1
   127  130       -1
   130  130        4
   133  130       -1
   154  130       -1
   131  131        1
   132  132        1
   109  133       -1
   130  133       -1
   133  133        4
   136  133       -1
   157  133       -1
   134  134        1
   135  135        1
   112  136       -1
   133  136       -1
   136  136        4
   139  136       -1
   160  136       -1
   137  137        1
   138  138        1
   115  139       -1
   136  139       -1
   139  139        4
   142  139       -1
   163  139       -1
   140  140        1
   141  141        1
   118  142       -1
   139  142       -1
   142  142        3
   166  142       -1
   143  143        1
   144  144        1
   121  145       -1
   145  145        3
   148  145       -1
   169  145       -1
   146  146        1
   147  147        1
   124  148       -1
   145  148       -1
   148  148        4
   151  148       -1
   172  148       -1
   149  149        1
   150  150        1
   127  151       -1
   148  151       -1
   151  151        4
   154  151       -1
   175  151       -1
   152  152        1
   153  153        1
   130  154       -1
   151  154       -1
   154  154        4
   157  154       -1
   178  154       -1
   155  155        1
   156  156        1
   133  157       -1
   154  157       -1
   157  157        4
   160  157       -1
   181  157       -1
   158  158        1
   159  159        1
   136  160       -1
   157  160       -1
   160  160        4
   163  160       -1
   184  160       -1
   161  161        1
   162  162        1
   139  163       -1
   160  163       -1
   163  163        4
   166  163       -1
   187  163       -1
   164  164        1
   165  165        1
   142  166       -1
   163  166       -1
   166  166        3
   167  167        1
   168  168        1
   145  169       -1
   169  169        2
   172  169       -1
   170  170        1
   171  171        1
   148  172       -1
   169  172       -1
   172  172        3
   175  172       -1
   173  173        1
   174  174        1
   151  175       -1
   172  175       -1
   175  175        3
   178  175       -1
   176  176        1
   177  177        1
   154  178       -1
   175  178       -1
   178  178        3
   181  178       -1
   179  179        1
   180  180        1
   157  181       -1
   178  181       -1
   181  181        3
   184  181       -1
   182  182        1
   183  183        1
   160  184       -1
   181  184       -1
   184  184        3
   187  184       -1
   185  185        1
   186  186        1
   163  187       -1
   184  187       -1
   187  187        3
   188  188        1
   189  189        1
   190  190        1
   191  191        1
   192  192        1
   