     2  19             0.222222222222222
     1  20            -0.166666666666667
     2  20            -0.111111111111111
     4  20             0.166666666666667
     5  20            -0.111111111111111
     5  21             0.222222222222222
     4  22            -0.166666666666667
     5  22            -0.111111111111111
     7  22             0.166666666666667
     8  22            -0.111111111111111
     8  23             0.222222222222222
     7  24            -0.166666666666667
     8  24            -0.111111111111111
    10  24             0.166666666666667
    11  24            -0.111111111111111
    11  25             0.222222222222222
    10  26            -0.166666666666667
    11  26            -0.111111111111111
    13  26             0.166666666666667
    14  26            -0.111111111111111
    14  27             0.222222222222222
    13  28            -0.166666666666667
    14  28            -0.111111111111111
    16  28             0.166666666666667
    17  28            -0.111111111111111
    17  29             0.222222222222222
    16  30            -0.166666666666667
    17  30            -0.111111111111111
    19  30             0.166666666666667
    20  30            -0.111111111111111
    20  31             0.222222222222222
    19  32            -0.166666666666667
    20  32            -0.111111111111111
    22  32             0.166666666666667
    23  32            -0.111111111111111
    23  33             0.222222222222222
     2  36            0.0555555555555556
    26  36            0.0555555555555556
     1  37           -0.0416666666666667
     2  37           -0.0277777777777778
     3  37           -0.0416666666666667
     4  37            0.0416666666666667
     5  37           -0.0277777777777778
     6  37            0.0416666666666667
    25  37           -0.0416666666666667
    26  37           -0.0277777777777778
    27  37            0.0416666666666667
    28  37            0.0416666666666667
    29  37           -0.0277777777777778
    30  37           -0.0416666666666667
     5  38            0.0555555555555556
    29  38            0.0555555555555556
     4  39           -0.0416666666666667
     5  39           -0.0277777777777778
     6  39           -0.0416666666666667
     7  39            0.0416666666666667
     8  39           -0.0277777777777778
     9  39            0.0416666666666667
    28  39           -0.0416666666666667
    29  39           -0.0277777777777778
    30  39            0.0416666666666667
    31  39            0.0416666666666667
    32  39           -0.0277777777777778
    33  39           -0.0416666666666667
     8  40            0.0555555555555556
    32  40            0.0555555555555556
     7  41           -0.0416666666666667
     8  41           -0.0277777777777778
     9  41           -0.0416666666666667
    10  41            0.0416666666666667
    11  41           -0.0277777777777778
    12  41            0.0416666666666667
    31  41           -0.0416666666666667
    32  41           -0.0277777777777778
    33  41            0.0416666666666667
    34  41            0.0416666666666667
    35  41           -0.0277777777777778
    36  41           -0.0416666666666667
    11  42            0.0555555555555556
    35  42            0.0555555555555556
    10  43           -0.0416666666666667
    11  43           -0.0277777777777778
    12  43           -0.0416666666666667
    13  43            0.0416666666666667
    14  43           -0.0277777777777778
    15  43            0.0416666666666667
    34  43           -0.0416666666666667
    35  43           -0.0277777777777778
    36  43            0.0416666666666667
    37  43            0.0416666666666667
    38  43           -0.0277777777777778
    39  43           -0.0416666666666667
    14  44            0.0555555555555556
    38  44            0.0555555555555556
    13  45           -0.0416666666666667
    14  45           -0.0277777777777778
    15  45           -0.0416666666666667
    16  45            0.0416666666666667
    17  45           -0.0277777777777778
    18  45            0.0416666666666667
    37  45           -0.0416666666666667
    38  45           -0.0277777777777778
    39  45            0.0416666666666667
    40  45            0.0416666666666667
    41  45           -0.0277777777777778
    42  45           -0.0416666666666667
    17  46            0.0555555555555556
    41  46            0.0555555555555556
    16  47           -0.0416666666666667
    17  47           -0.0277777777777778
    18  47           -0.0416666666666667
    19  47            0.0416666666666667
    20  47           -0.0277777777777778
    21  47            0.0416666666666667
    40  47           -0.0416666666666667
    41  47           -0.0277777777777778
    42  47            0.0416666666666667
    43  47            0.0416666666666667
    44  47           -0.0277777777777778
    45  47           -0.0416666666666667
    20  48            0.0555555555555556
    44  48            0.0555555555555556
    19  49           -0.0416666666666667
    20  49           -0.0277777777777778
    21  49           -0.0416666666666667
    22  49            0.0416666666666667
    23  49           -0.0277777777777778
    24  49            0.0416666666666667
    43  49           -0.0416666666666667
    44  49           -0.0277777777777778
    45  49            0.0416666666666667
    46  49            0.0416666666666667
    47  49           -0.0277777777777778
    48  49           -0.0416666666666667
    23  50            0.0555555555555556
    47  50            0.0555555555555556
    26  53             0.222222222222222
    25  54            -0.166666666666667
    26  54            -0.111111111111111
    28  54             0.166666666666667
    29  54            -0.111111111111111
    29  55             0.222222222222222
    28  56            -0.166666666666667
    29  56            -0.111111111111111
    31  56             0.166666666666667
    32  56            -0.111111111111111
    32  57             0.222222222222222
    31  58            -0.166666666666667
    32  58            -0.111111111111111
    34  58             0.166666666666667
    35  58            -0.111111111111111
    35  59             0.222222222222222
    34  60            -0.166666666666667
    35  60            -0.111111111111111
    37  60             0.166666666666667
    38  60            -0.111111111111111
    38  61             0.222222222222222
    37  62            -0.166666666666667
    38  62            -0.111111111111111
    40  62             0.166666666666667
    41  62            -0.111111111111111
    41  63             0.222222222222222
    40  64            -0.166666666666667
    41  64            -0.111111111111111
    43  64             0.166666666666667
    44  64            -0.111111111111111
    44  65             0.222222222222222
    43  66            -0.166666666666667
    44  66            -0.111111111111111
    46  66             0.166666666666667
    47  66            -0.111111111111111
    47  67             0.222222222222222
    26  70            0.0555555555555556
    50  70            0.0555555555555556
    25  71           -0.0416666666666667
    26  71           -0.0277777777777778
    27  71           -0.0416666666666667
    28  71            0.0416666666666667
    29  71           -0.0277777777777778
    30  71            0.0416666666666667
    49  71           -0.0416666666666667
    50  71           -0.0277777777777778
    51  71            0.0416666666666667
    52  71            0.0416666666666667
    53  71           -0.0277777777777778
    54  71           -0.0416666666666667
    29  72            0.0555555555555556
    53  72            0.0555555555555556
    28  73           -0.0416666666666667
    29  73           -0.0277777777777778
    30  73           -0.0416666666666667
    31  73            0.0416666666666667
    32  73           -0.0277777777777778
    33  73            0.0416666666666667
    52  73           -0.0416666666666667
    53  73           -0.0277777777777778
    54  73            0.0416666666666667
    55  73            0.0416666666666667
    56  73           -0.0277777777777778
    57  73           -0.0416666666666667
    32  74            0.0555555555555556
    56  74            0.0555555555555556
    31  75           -0.0416666666666667
    32  75           -0.0277777777777778
    33  75           -0.0416666666666667
    34  75            0.0416666666666667
    35  75           -0.0277777777777778
    36  75            0.0416666666666667
    55  75           -0.0416666666666667
    56  75           -0.0277777777777778
    57  75            0.0416666666666667
    58  75            0.0416666666666667
    59  75           -0.0277777777777778
    60  75           -0.0416666666666667
    35  76            0.0555555555555556
    59  76            0.0555555555555556
    34  77           -0.0416666666666667
    35  77           -0.0277777777777778
    36  77           -0.0416666666666667
    37  77            0.0416666666666667
    38  77           -0.0277777777777778
    39  77            0.0416666666666667
    58  77           -0.0416666666666667
    59  77           -0.0277777777777778
    60  77            0.0416666666666667
    61  77            0.0416666666666667
    62  77           -0.0277777777777778
    63  77           -0.0416666666666667
    38  78            0.0555555555555556
    62  78            0.0555555555555556
    37  79           -0.0416666666666667
    38  79           -0.0277777777777778
    39  79           -0.0416666666666667
    40  79            0.0416666666666667
    41  79           -0.0277777777777778
    42  79            0.0416666666666667
    61  79           -0.0416666666666667
    62  79           -0.0277777777777778
    63  79            0.0416666666666667
    64  79            0.0416666666666667
    65  79           -0.0277777777777778
    66  79           -0.0416666666666667
    41  80            0.0555555555555556
    65  80            0.0555555555555556
    40  81           -0.0416666666666667
    41  81           -0.0277777777777778
    42  81           -0.0416666666666667
    43  81            0.0416666666666667
    44  81           -0.0277777777777778
    45  81            0.0416666666666667
    64  81           -0.0416666666666667
    65  81           -0.0277777777777778
    66  81            0.0416666666666667
    67  81            0.0416666666666667
    68  81           -0.0277777777777778
    69  81           -0.0416666666666667
    44  82            0.0555555555555556
    68  82            0.0555555555555556
    43  83           -0.0416666666666667
    44  83           -0.0277777777777778
    45  83           -0.0416666666666667
    46  83            0.0416666666666667
    47  83           -0.0277777777777778
    48  83            0.0416666666666667
    67  83           -0.0416666666666667
    68  83           -0.0277777777777778
    69  83            0.0416666666666667
    70  83            0.0416666666666667
    71  83           -0.0277777777777778
    72  83           -0.0416666666666667
    47  84            0.0555555555555556
    71  84            0.0555555555555556
    50  87             0.222222222222222
    49  88            -0.166666666666667
    50  88            -0.111111111111111
    52  88             0.166666666666667
    53  88            -0.111111111111111
    53  89             0.222222222222222
    52  90            -0.166666666666667
    53  90            -0.111111111111111
    55  90             0.166666666666667
    56  90            -0.111111111111111
    56  91             0.222222222222222
    55  92            -0.166666666666667
    56  92            -0.111111111111111
    58  92             0.166666666666667
    59  92            -0.111111111111111
    59  93             0.222222222222222
    58  94            -0.166666666666667
    59  94            -0.111111111111111
    61  94             0.166666666666667
    62  94            -0.111111111111111
    62  95             0.222222222222222
    61  96            -0.166666666666667
    62  96            -0.111111111111111
    64  96             0.166666666666667
    65  96            -0.111111111111111
    65  97             0.222222222222222
    64  98            -0.166666666666667
    65  98            -0.111111111111111
    67  98             0.166666666666667
    68  98            -0.111111111111111
    68  99             0.222222222222222
    67  100           -0.166666666666667
    68  100           -0.111111111111111
    70  100            0.166666666666667
    71  100           -0.111111111111111
    71  101            0.222222222222222
    50  104           0.0555555555555556
    74  104           0.0555555555555556
    49  105          -0.0416666666666667
    50  105          -0.0277777777777778
    51  105          -0.0416666666666667
    52  105           0.0416666666666667
    53  105          -0.0277777777777778
    54  105           0.0416666666666667
    73  105          -0.0416666666666667
    74  105          -0.0277777777777778
    75  105           0.0416666666666667
    76  105           0.0416666666666667
    77  105          -0.0277777777777778
    78  105          -0.0416666666666667
    53  106           0.0555555555555556
    77  106           0.0555555555555556
    52  107          -0.0416666666666667
    53  107          -0.0277777777777778
    54  107          -0.0416666666666667
    55  107           0.0416666666666667
    56  107          -0.0277777777777778
    57  107           0.0416666666666667
    76  107          -0.0416666666666667
    77  107          -0.0277777777777778
    78  107           0.0416666666666667
    79  107           0.0416666666666667
    80  107          -0.0277777777777778
    81  107          -0.0416666666666667
    56  108           0.0555555555555556
    80  108           0.0555555555555556
    55  109          -0.0416666666666667
    56  109          -0.0277777777777778
    57  109          -0.0416666666666667
    58  109           0.0416666666666667
    59  109          -0.0277777777777778
    60  109           0.0416666666666667
    79  109          -0.0416666666666667
    80  109          -0.0277777777777778
    81  109           0.0416666666666667
    82  109           0.0416666666666667
    83  109          -0.0277777777777778
    84  109          -0.0416666666666667
    59  110           0.0555555555555556
    83  110           0.0555555555555556
    58  111          -0.0416666666666667
    59  111          -0.0277777777777778
    60  111          -0.0416666666666667
    61  111           0.0416666666666667
    62  111          -0.0277777777777778
    63  111           0.0416666666666667
    82  111          -0.0416666666666667
    83  111          -0.0277777777777778
    84  111           0.0416666666666667
    85  111           0.0416666666666667
    86  111          -0.0277777777777778
    87  111          -0.0416666666666667
    62  112           0.0555555555555556
    86  112           0.0555555555555556
    61  113          -0.0416666666666667
    62  113          -0.0277777777777778
    63  113          -0.0416666666666667
    64  113           0.0416666666666667
    65  113          -0.0277777777777778
    66  113           0.0416666666666667
    85  113          -0.0416666666666667
    86  113          -0.0277777777777778
    87  113           0.0416666666666667
    88  113           0.0416666666666667
    89  113          -0.0277777777777778
    90  113          -0.0416666666666667
    65  114           0.0555555555555556
    89  114           0.0555555555555556
    64  115          -0.0416666666666667
    65  115          -0.0277777777777778
    66  115          -0.0416666666666667
    67  115           0.0416666666666667
    68  115          -0.0277777777777778
    69  115           0.0416666666666667
    88  115          -0.0416666666666667
    89  115          -0.0277777777777778
    90  115           0.0416666666666667
    91  115           0.0416666666666667
    92  115          -0.0277777777777778
    93  115          -0.0416666666666667
    68  116           0.0555555555555556
    92  116           0.0555555555555556
    67  117          -0.0416666666666667
    68  117          -0.0277777777777778
    69  117          -0.0416666666666667
    70  117           0.0416666666666667
    71  117          -0.0277777777777778
    72  117           0.0416666666666667
    91  117          -0.0416666666666667
    92  117          -0.0277777777777778
    93  117           0.0416666666666667
    94  117           0.0416666666666667
    95  117          -0.0277777777777778
    96  117          -0.0416666666666667
    71  118           0.0555555555555556
    95  118           0.0555555555555556
    74  121            0.222222222222222
    73  122           -0.166666666666667
    74  122           -0.111111111111111
    76  122            0.166666666666667
    77  122           -0.111111111111111
    77  123            0.222222222222222
    76  124           -0.166666666666667
    77  124           -0.111111111111111
    79  124            0.166666666666667
    80  124           -0.111111111111111
    80  125            0.222222222222222
    79  126           -0.166666666666667
    80  126           -0.111111111111111
    82  126            0.166666666666667
    83  126           -0.111111111111111
    83  127            0.222222222222222
    82  128           -0.166666666666667
    83  128           -0.111111111111111
    85  128            0.166666666666667
    86  128           -0.111111111111111
    86  129            0.222222222222222
    85  130           -0.166666666666667
    86  130           -0.111111111111111
    88  130            0.166666666666667
    89  130           -0.111111111111111
    89  131            0.222222222222222
    88  132           -0.166666666666667
    89  132           -0.111111111111111
    91  132            0.166666666666667
    92  132           -0.111111111111111
    92  133            0.222222222222222
    91  134           -0.166666666666667
    92  134           -0.111111111111111
    94  134            0.166666666666667
    95  134           -0.111111111111111
    95  135            0.222222222222222
    74  138           0.0555555555555556
    98  138           0.0555555555555556
    73  139          -0.0416666666666667
    74  139          -0.0277777777777778
    75  139          -0.0416666666666667
    76  139           0.0416666666666667
    77  139          -0.0277777777777778
    78  139           0.0416666666666667
    97  139          -0.0416666666666667
    98  139          -0.0277777777777778
    99  139           0.0416666666666667
   100  139           0.0416666666666667
   101  139          -0.0277777777777778
   102  139          -0.0416666666666667
    77  140           0.0555555555555556
   101  140           0.0555555555555556
    76  141          -0.0416666666666667
    77  141          -0.0277777777777778
    78  141          -0.0416666666666667
    79  141           0.0416666666666667
    80  141          -0.0277777777777778
    81  141           0.0416666666666667
   100  141          -0.0416666666666667
   101  141          -0.0277777777777778
   102  141           0.0416666666666667
   103  141           0.0416666666666667
   104  141          -0.0277777777777778
   105  141          -0.0416666666666667
    80  142           0.0555555555555556
   104  142           0.0555555555555556
    79  143          -0.0416666666666667
    80  143          -0.0277777777777778
    81  143          -0.0416666666666667
    82  143           0.0416666666666667
    83  143          -0.0277777777777778
    84  143           0.0416666666666667
   103  143          -0.0416666666666667
   104  143          -0.0277777777777778
   105  143           0.0416666666666667
   106  143           0.0416666666666667
   107  143          -0.0277777777777778
   108  143          -0.0416666666666667
    83  144           0.0555555555555556
   107  144           0.0555555555555556
    82  145          -0.0416666666666667
    83  145          -0.0277777777777778
    84  145          -0.0416666666666667
    85  145           0.0416666666666667
    86  145          -0.0277777777777778
    87  145           0.0416666666666667
   106  145          -0.0416666666666667
   107  145          -0.0277777777777778
   108  145           0.0416666666666667
   109  145           0.0416666666666667
   110  145          -0.0277777777777778
   111  145          -0.0416666666666667
    86  146           0.0555555555555556
   110  146           0.0555555555555556
    85  147          -0.0416666666666667
    86  147          -0.0277777777777778
    87  147          -0.0416666666666667
    88  147           0.0416666666666667
    89  147          -0.0277777777777778
    90  147           0.0416666666666667
   109  147          -0.0416666666666667
   110  147          -0.0277777777777778
   111  147           0.0416666666666667
   112  147           0.0416666666666667
   113  147          -0.0277777777777778
   114  147          -0.0416666666666667
    89  148           0.0555555555555556
   113  148           0.0555555555555556
    88  149          -0.0416666666666667
    89  149          -0.0277777777777778
    90  149          -0.0416666666666667
    91  149           0.0416666666666667
    92  149          -0.0277777777777778
    93  149           0.0416666666666667
   112  149          -0.0416666666666667
   113  149          -0.0277777777777778
   114  149           0.0416666666666667
   115  149           0.0416666666666667
   116  149          -0.0277777777777778
   117  149          -0.0416666666666667
    92  150           0.0555555555555556
   116  150           0.0555555555555556
    91  151          -0.0416666666666667
    92  151          -0.0277777777777778
    93  151          -0.0416666666666667
    94  151           0.0416666666666667
    95  151          -0.0277777777777778
    96  151           0.0416666666666667
   115  151          -0.0416666666666667
   116  151          -0.0277777777777778
   117  151           0.0416666666666667
   118  151           0.0416666666666667
   119  151          -0.0277777777777778
   120  151          -0.0416666666666667
    95  152           0.0555555555555556
   119  152           0.0555555555555556
    98  155            0.222222222222222
    97  156           -0.166666666666667
    98  156           -0.111111111111111
   100  156            0.166666666666667
   101  156           -0.111111111111111
   101  157            0.222222222222222
   100  158           -0.166666666666667
   101  158           -0.111111111111111
   103  158            0.166666666666667
   104  158           -0.111111111111111
   104  159            0.222222222222222
   103  160           -0.166666666666667
   104  160           -0.111111111111111
   106  160            0.166666666666667
   107  160           -0.111111111111111
   107  161            0.222222222222222
   106  162           -0.166666666666667
   107  162           -0.111111111111111
   109  162            0.166666666666667
   110  162           -0.111111111111111
   110  163            0.222222222222222
   109  164           -0.166666666666667
   110  164           -0.111111111111111
   112  164            0.166666666666667
   113  164           -0.111111111111111
   113  165            0.222222222222222
   112  166           -0.166666666666667
   113  166           -0.111111111111111
   115  166            0.166666666666667
   116  166           -0.111111111111111
   116  167            0.222222222222222
   115  168           -0.166666666666667
   116  168           -0.111111111111111
   118  168            0.166666666666667
   119  168           -0.111111111111111
   119  169            0.222222222222222
    98  172           0.0555555555555556
   122  172           0.0555555555555556
    97  173          -0.0416666666666667
    98  173          -0.0277777777777778
    99  173          -0.0416666666666667
   100  173           0.0416666666666667
   101  173          -0.0277777777777778
   102  173           0.0416666666666667
   121  173          -0.0416666666666667
   122  173          -0.0277777777777778
   123  173           0.0416666666666667
   124  173           0.0416666666666667
   125  173          -0.0277777777777778
   126  173          -0.0416666666666667
   101  174           0.0555555555555556
   125  174           0.0555555555555556
   100  175          -0.0416666666666667
   101  175          -0.0277777777777778
   102  175          -0.0416666666666667
   103  175           0.0416666666666667
   104  175          -0.0277777777777778
   105  175           0.0416666666666667
   124  175          -0.0416666666666667
   125  175          -0.0277777777777778
   126  175           0.0416666666666667
   127  175           0.0416666666666667
   128  175          -0.0277777777777778
   129  175          -0.0416666666666667
   104  176           0.0555555555555556
   128  176           0.0555555555555556
   103  177          -0.0416666666666667
   104  177          -0.0277777777777778
   105  177          -0.0416666666666667
   106  177           0.0416666666666667
   107  177          -0.0277777777777778
   108  177           0.0416666666666667
   127  177          -0.0416666666666667
   128  177          -0.0277777777777778
   129  177           0.0416666666666667
   130  177           0.0416666666666667
   131  177          -0.0277777777777778
   132  177          -0.0416666666666667
   107  178           0.0555555555555556
   131  178           0.0555555555555556
   106  179          -0.0416666666666667
   107  179          -0.0277777777777778
   108  179          -0.0416666666666667
   109  179           0.0416666666666667
   110  179          -0.0277777777777778
   111  179           0.0416666666666667
   130  179          -0.0416666666666667
   131  179          -0.0277777777777778
   132  179           0.0416666666666667
   133  179           0.0416666666666667
   134  179          -0.0277777777777778
   135  179          -0.0416666666666667
   110  180           0.0555555555555556
   134  180           0.0555555555555556
   109  181          -0.0416666666666667
   110  181          -0.0277777777777778
   111  181          -0.0416666666666667
   112  181           0.0416666666666667
   113  181          -0.0277777777777778
   114  181           0.0416666666666667
   133  181          -0.0416666666666667
   134  181          -0.0277777777777778
   135  181           0.0416666666666667
   136  181           0.0416666666666667
   137  181          -0.0277777777777778
   138  181          -0.0416666666666667
   113  182           0.0555555555555556
   137  182           0.0555555555555556
   112  183          -0.0416666666666667
   113  183          -0.0277777777777778
   114  183          -0.0416666666666667
   115  183           0.0416666666666667
   116  183          -0.0277777777777778
   117  183           0.0416666666666667
   136  183          -0.0416666666666667
   137  183          -0.0277777777777778
   138  183           0.0416666666666667
   139  183           0.0416666666666667
   140  183          -0.0277777777777778
   141  183          -0.0416666666666667
   116  184           0.0555555555555556
   140  184           0.0555555555555556
   115  185          -0.0416666666666667
   116  185          -0.0277777777777778
   117  185          -0.0416666666666667
   118  185           0.0416666666666667
   119  185          -0.0277777777777778
   120  185           0.0416666666666667
   139  185          -0.0416666666666667
   140  185          -0.0277777777777778
   141  185           0.0416666666666667
   142  185           0.0416666666666667
   143  185          -0.0277777777777778
   144  185          -0.0416666666666667
   119  186           0.0555555555555556
   143  186           0.0555555555555556
   122  189            0.222222222222222
   121  190           -0.166666666666667
   122  190           -0.111111111111111
   124  190            0.166666666666667
   125  190           -0.111111111111111
   125  191            0.222222222222222
   124  192           -0.166666666666667
   125  192           -0.111111111111111
   127  192            0.166666666666667
   128  192           -0.111111111111111
   128  193            0.222222222222222
   127  194           -0.166666666666667
   128  194           -0.111111111111111
   130  194            0.166666666666667
   131  194           -0.111111111111111
   131  195            0.222222222222222
   130  196           -0.166666666666667
   131  196           -0.111111111111111
   133  196            0.166666666666667
   134  196           -0.111111111111111
   134  197            0.222222222222222
   133  198           -0.166666666666667
   134  198           -0.111111111111111
   136  198            0.166666666666667
   137  198           -0.111111111111111
   137  199            0.222222222222222
   136  200           -0.166666666666667
   137  200           -0.111111111111111
   139  200            0.166666666666667
   140  200           -0.111111111111111
   140  201            0.222222222222222
   139  202           -0.166666666666667
   140  202           -0.111111111111111
   142  202            0.166666666666667
   143  202           -0.111111111111111
   143  203            0.222222222222222
   122  206           0.0555555555555556
   146  206           0.0555555555555556
   121  207          -0.0416666666666667
   122  207          -0.0277777777777778
   123  207          -0.0416666666666667
   124  207           0.0416666666666667
   125  207          -0.0277777777777778
   126  207           0.0416666666666667
   145  207          -0.0416666666666667
   146  207          -0.0277777777777778
   147  207           0.0416666666666667
   148  207           0.0416666666666667
   149  207          -0.0277777777777778
   150  207          -0.0416666666666667
   125  208           0.0555555555555556
   149  208           0.0555555555555556
   124  209          -0.0416666666666667
   125  209          -0.0277777777777778
   126  209          -0.0416666666666667
   127  209           0.0416666666666667
   128  209          -0.0277777777777778
   129  209           0.0416666666666667
   148  209          -0.0416666666666667
   149  209          -0.0277777777777778
   150  209           0.0416666666666667
   151  209           0.0416666666666667
   152  209          -0.0277777777777778
   153  209          -0.0416666666666667
   128  210           0.0555555555555556
   152  210           0.0555555555555556
   127  211          -0.0416666666666667
   128  211          -0.0277777777777778
   129  211          -0.0416666666666667
   130  211           0.0416666666666667
   131  211          -0.0277777777777778
   132  211           0.0416666666666667
   151  211          -0.0416666666666667
   152  211          -0.0277777777777778
   153  211           0.0416666666666667
   154  211           0.0416666666666667
   155  211          -0.0277777777777778
   156  211          -0.0416666666666667
   131  212           0.0555555555555556
   155  212           0.0555555555555556
   130  213          -0.0416666666666667
   131  213          -0.0277777777777778
   132  213          -0.0416666666666667
   133  213           0.0416666666666667
   134  213          -0.0277777777777778
   135  213           0.0416666666666667
   154  213          -0.0416666666666667
   155  213          -0.0277777777777778
   156  213           0.0416666666666667
   157  213           0.0416666666666667
   158  213          -0.0277777777777778
   159  213          -0.0416666666666667
   134  214           0.0555555555555556
   158  214           0.0555555555555556
   133  215          -0.0416666666666667
   134  215          -0.0277777777777778
   135  215          -0.0416666666666667
   136  215           0.0416666666666667
   137  215          -0.0277777777777778
   138  215           0.0416666666666667
   157  215          -0.0416666666666667
   158  215          -0.0277777777777778
   159  215           0.0416666666666667
   160  215           0.0416666666666667
   161  215          -0.0277777777777778
   162  215          -0.0416666666666667
   137  216           0.0555555555555556
   161  216           0.0555555555555556
   136  217          -0.0416666666666667
   137  217          -0.0277777777777778
   138  217          -0.0416666666666667
   139  217           0.0416666666666667
   140  217          -0.0277777777777778
   141  217           0.0416666666666667
   160  217          -0.0416666666666667
   161  217          -0.0277777777777778
   162  217           0.0416666666666667
   163  217           0.0416666666666667
   164  217          -0.0277777777777778
   165  217          -0.0416666666666667
   140  218           0.0555555555555556
   164  218           0.0555555555555556
   139  219          -0.0416666666666667
   140  219          -0.0277777777777778
   141  219          -0.0416666666666667
   142  219           0.0416666666666667
   143  219          -0.0277777777777778
   144  219           0.0416666666666667
   163  219          -0.0416666666666667
   164  219          -0.0277777777777778
   165  219           0.0416666666666667
   166  219           0.0416666666666667
   167  219          -0.0277777777777778
   168  219          -0.0416666666666667
   143  220           0.0555555555555556
   167  220           0.0555555555555556
   146  223            0.222222222222222
   145  224           -0.166666666666667
   146  224           -0.111111111111111
   148  224            0.166666666666667
   149  224           -0.111111111111111
   149  225            0.222222222222222
   148  226           -0.166666666666667
   149  226           -0.111111111111111
   151  226            0.166666666666667
   152  226           -0.111111111111111
   152  227            0.222222222222222
   151  228           -0.166666666666667
   152  228           -0.111111111111111
   154  228            0.166666666666667
   155  228           -0.111111111111111
   155  229            0.222222222222222
   154  230           -0.166666666666667
   155  230           -0.111111111111111
   157  230            0.166666666666667
   158  230           -0.111111111111111
   158  231            0.222222222222222
   157  232           -0.166666666666667
   158  232           -0.111111111111111
   160  232            0.166666666666667
   161  232           -0.111111111111111
   161  233            0.222222222222222
   160  234           -0.166666666666667
   161  234           -0.111111111111111
   163  234            0.166666666666667
   164  234           -0.111111111111111
   164  235            0.222222222222222
   163  236           -0.166666666666667
   164  236           -0.111111111111111
   166  236            0.166666666666667
   167  236           -0.111111111111111
   167  237            0.222222222222222
   146  240           0.0555555555555556
   170  240           0.0555555555555556
   145  241          -0.0416666666666667
   146  241          -0.0277777777777778
   147  241          -0.0416666666666667
   148  241           0.0416666666666667
   149  241          -0.0277777777777778
   150  241           0.0416666666666667
   169  241          -0.0416666666666667
   170  241          -0.0277777777777778
   171  241           0.0416666666666667
   172  241           0.0416666666666667
   173  241          -0.0277777777777778
   174  241          -0.0416666666666667
   149  242           0.0555555555555556
   173  242           0.0555555555555556
   148  243          -0.0416666666666667
   149  243          -0.0277777777777778
   150  243          -0.0416666666666667
   151  243           0.0416666666666667
   152  243          -0.0277777777777778
   153  243           0.0416666666666667
   172  243          -0.0416666666666667
   173  243          -0.0277777777777778
   174  243           0.0416666666666667
   175  243           0.0416666666666667
   176  243          -0.0277777777777778
   177  243          -0.0416666666666667
   152  244           0.0555555555555556
   176  244           0.0555555555555556
   151  245          -0.0416666666666667
   152  245          -0.0277777777777778
   153  245          -0.0416666666666667
   154  245           0.0416666666666667
   155  245          -0.0277777777777778
   156  245           0.0416666666666667
   175  245          -0.0416666666666667
   176  245          -0.0277777777777778
   177  245           0.0416666666666667
   178  245           0.0416666666666667
   179  245          -0.0277777777777778
   180  245          -0.0416666666666667
   155  246           0.0555555555555556
   179  246           0.0555555555555556
   154  247          -0.0416666666666667
   155  247          -0.0277777777777778
   156  247          -0.0416666666666667
   157  247           0.0416666666666667
   158  247          -0.0277777777777778
   159  247           0.0416666666666667
   178  247          -0.0416666666666667
   179  247          -0.0277777777777778
   180  247           0.0416666666666667
   181  247           0.0416666666666667
   182  247          -0.0277777777777778
   183  247          -0.0416666666666667
   158  248           0.0555555555555556
   182  248           0.0555555555555556
   157  249          -0.0416666666666667
   158  249          -0.0277777777777778
   159  249          -0.0416666666666667
   160  249           0.0416666666666667
   161  249          -0.0277777777777778
   162  249           0.0416666666666667
   181  249          -0.0416666666666667
   182  249          -0.0277777777777778
   183  249           0.0416666666666667
   184  249           0.0416666666666667
   185  249          -0.0277777777777778
   186  249          -0.0416666666666667
   161  250           0.0555555555555556
   185  250           0.0555555555555556
   160  251          -0.0416666666666667
   161  251          -0.0277777777777778
   162  251          -0.0416666666666667
   163  251           0.0416666666666667
   164  251          -0.0277777777777778
   165  251           0.0416666666666667
   184  251          -0.0416666666666667
   185  251          -0.0277777777777778
   186  251           0.0416666666666667
   187  251           0.0416666666666667
   188  251          -0.0277777777777778
   189  251          -0.0416666666666667
   164  252           0.0555555555555556
   188  252           0.0555555555555556
   163  253          -0.0416666666666667
   164  253          -0.0277777777777778
   165  253          -0.0416666666666667
   166  253           0.0416666666666667
   167  253          -0.0277777777777778
   168  253           0.0416666666666667
   187  253          -0.0416666666666667
   188  253          -0.0277777777777778
   189  253           0.0416666666666667
   190  253           0.0416666666666667
   191  253          -0.0277777777777778
   192  253          -0.0416666666666667
   167  254           0.0555555555555556
   191  254           0.0555555555555556
   170  257            0.222222222222222
   169  258           -0.166666666666667
   170  258           -0.111111111111111
   172  258            0.166666666666667
   173  258           -0.111111111111111
   173  259            0.222222222222222
   172  260           -0.166666666666667
   173  260           -0.111111111111111
   175  260            0.166666666666667
   176  260           -0.111111111111111
   176  261            0.222222222222222
   175  262           -0.166666666666667
   176  262           -0.111111111111111
   178  262            0.166666666666667
   179  262           -0.111111111111111
   179  263            0.222222222222222
   178  264           -0.166666666666667
   179  264           -0.111111111111111
   181  264            0.166666666666667
   182  264           -0.111111111111111
   182  265            0.222222222222222
   181  266           -0.166666666666667
   182  266           -0.111111111111111
   184  266            0.166666666666667
   185  266           -0.111111111111111
   185  267            0.222222222222222
   184  268           -0.166666666666667
   185  268           -0.111111111111111
   187  268            0.166666666666667
   188  268           -0.111111111111111
   188  269            0.222222222222222
   187  270           -0.166666666666667
   188  270           -0.111111111111111
   190  270            0.166666666666667
   191  270           -0.111111111111111
   191  271            0.222222222222222
     3  308            0.222222222222222
     3  309           0.0555555555555556
     6  309           0.0555555555555556
     6  310            0.222222222222222
     6  311           0.0555555555555556
     9  311           0.0555555555555556
     9  312            0.222222222222222
     9  313           0.0555555555555556
    12  313           0.0555555555555556
    12  314            0.222222222222222
    12  315           0.0555555555555556
    15  315           0.0555555555555556
    15  316            0.222222222222222
    15  317           0.0555555555555556
    18  317           0.0555555555555556
    18  318            0.222222222222222
    18  319           0.0555555555555556
    21  319           0.0555555555555556
    21  320            0.222222222222222
    21  321           0.0555555555555556
    24  321           0.0555555555555556
    24  322            0.222222222222222
     1  325           -0.166666666666667
     3  325           -0.111111111111111
    25  325            0.166666666666667
    27  325           -0.111111111111111
     1  326          -0.0416666666666667
     2  326          -0.0416666666666667
     3  326          -0.0277777777777778
     4  326          -0.0416666666666667
     5  326           0.0416666666666667
     6  326          -0.0277777777777778
    25  326           0.0416666666666667
    26  326           0.0416666666666667
    27  326          -0.0277777777777778
    28  326           0.0416666666666667
    29  326          -0.0416666666666667
    30  326          -0.0277777777777778
     4  327           -0.166666666666667
     6  327           -0.111111111111111
    28  327            0.166666666666667
    30  327           -0.111111111111111
     4  328          -0.0416666666666667
     5  328          -0.0416666666666667
     6  328          -0.0277777777777778
     7  328          -0.0416666666666667
     8  328           0.0416666666666667
     9  328          -0.0277777777777778
    28  328           0.0416666666666667
    29  328           0.0416666666666667
    30  328          -0.0277777777777778
    31  328           0.0416666666666667
    32  328          -0.0416666666666667
    33  328          -0.0277777777777778
     7  329           -0.166666666666667
     9  329           -0.111111111111111
    31  329            0.166666666666667
    33  329           -0.111111111111111
     7  330          -0.0416666666666667
     8  330          -0.0416666666666667
     9  330          -0.0277777777777778
    10  330          -0.0416666666666667
    11  330           0.0416666666666667
    12  330          -0.0277777777777778
    31  330           0.0416666666666667
    32  330           0.0416666666666667
    33  330          -0.0277777777777778
    34  330           0.0416666666666667
    35  330          -0.0416666666666667
    36  330          -0.0277777777777778
    10  331           -0.166666666666667
    12  331           -0.111111111111111
    34  331            0.166666666666667
    36  331           -0.111111111111111
    10  332          -0.0416666666666667
    11  332          -0.0416666666666667
    12  332          -0.0277777777777778
    13  332          -0.0416666666666667
    14  332           0.0416666666666667
    15  332          -0.0277777777777778
    34  332           0.0416666666666667
    35  332           0.0416666666666667
    36  332          -0.0277777777777778
    37  332           0.0416666666666667
    38  332          -0.0416666666666667
    39  332          -0.0277777777777778
    13  333           -0.166666666666667
    15  333           -0.111111111111111
    37  333            0.166666666666667
    39  333           -0.111111111111111
    13  334          -0.0416666666666667
    14  334          -0.0416666666666667
    15  334          -0.0277777777777778
    16  334          -0.0416666666666667
    17  334           0.0416666666666667
    18  334          -0.0277777777777778
    37  334           0.0416666666666667
    38  334           0.0416666666666667
    39  334          -0.0277777777777778
    40  334           0.0416666666666667
    41  334          -0.0416666666666667
    42  334          -0.0277777777777778
    16  335           -0.166666666666667
    18  335           -0.111111111111111
    40  335            0.166666666666667
    42  335           -0.111111111111111
    16  336          -0.0416666666666667
    17  336          -0.0416666666666667
    18  336          -0.0277777777777778
    19  336          -0.0416666666666667
    20  336           0.0416666666666667
    21  336          -0.0277777777777778
    40  336           0.0416666666666667
    41  336           0.0416666666666667
    42  336          -0.0277777777777778
    43  336           0.0416666666666667
    44  336          -0.0416666666666667
    45  336          -0.0277777777777778
    19  337           -0.166666666666667
    21  337           -0.111111111111111
    43  337            0.166666666666667
    45  337           -0.111111111111111
    19  338          -0.0416666666666667
    20  338          -0.0416666666666667
    21  338          -0.0277777777777778
    22  338          -0.0416666666666667
    23  338           0.0416666666666667
    24  338          -0.0277777777777778
    43  338           0.0416666666666667
    44  338           0.0416666666666667
    45  338          -0.0277777777777778
    46  338           0.0416666666666667
    47  338          -0.0416666666666667
    48  338          -0.0277777777777778
    22  339           -0.166666666666667
    24  339           -0.111111111111111
    46  339            0.166666666666667
    48  339           -0.111111111111111
    27  342            0.222222222222222
    27  343           0.0555555555555556
    30  343           0.0555555555555556
    30  344            0.222222222222222
    30  345           0.0555555555555556
    33  345           0.0555555555555556
    33  346            0.222222222222222
    33  347           0.0555555555555556
    36  347           0.0555555555555556
    36  348            0.222222222222222
    36  349           0.0555555555555556
    39  349           0.0555555555555556
    39  350            0.222222222222222
    39  351           0.0555555555555556
    42  351           0.0555555555555556
    42  352            0.222222222222222
    42  353           0.0555555555555556
    45  353           0.0555555555555556
    45  354            0.222222222222222
    45  355           0.0555555555555556
    48  355           0.0555555555555556
    48  356            0.222222222222222
    25  359           -0.166666666666667
    27  359           -0.111111111111111
    49  359            0.166666666666667
    51  359           -0.111111111111111
    25  360          -0.0416666666666667
    26  360          -0.0416666666666667
    27  360          -0.0277777777777778
    28  360          -0.0416666666666667
    29  360           0.0416666666666667
    30  360          -0.0277777777777778
    49  360           0.0416666666666667
    50  360           0.0416666666666667
    51  360          -0.0277777777777778
    52  360           0.0416666666666667
    53  360          -0.0416666666666667
    54  360          -0.0277777777777778
    28  361           -0.166666666666667
    30  361           -0.111111111111111
    52  361            0.166666666666667
    54  361           -0.111111111111111
    28  362          -0.0416666666666667
    29  362          -0.0416666666666667
    30  362          -0.0277777777777778
    31  362          -0.0416666666666667
    32  362           0.0416666666666667
    33  362          -0.0277777777777778
    52  362           0.0416666666666667
    53  362           0.0416666666666667
    54  362          -0.0277777777777778
    55  362           0.0416666666666667
    56  362          -0.0416666666666667
    57  362          -0.0277777777777778
    31  363           -0.166666666666667
    33  363           -0.111111111111111
    55  363            0.166666666666667
    57  363           -0.111111111111111
    31  364          -0.0416666666666667
    32  364          -0.0416666666666667
    33  364          -0.0277777777777778
    34  364          -0.0416666666666667
    35  364           0.0416666666666667
    36  364          -0.0277777777777778
    55  364           0.0416666666666667
    56  364           0.0416666666666667
    57  364          -0.0277777777777778
    58  364           0.0416666666666667
    59  364          -0.0416666666666667
    60  364          -0.0277777777777778
    34  365           -0.166666666666667
    36  365           -0.111111111111111
    58  365            0.166666666666667
    60  365           -0.111111111111111
    34  366          -0.0416666666666667
    35  366          -0.0416666666666667
    36  366          -0.0277777777777778
    37  366          -0.0416666666666667
    38  366           0.0416666666666667
    39  366          -0.0277777777777778
    58  366           0.0416666666666667
    59  366           0.0416666666666667
    60  366          -0.0277777777777778
    61  366           0.0416666666666667
    62  366          -0.0416666666666667
    63  366          -0.0277777777777778
    37  367           -0.166666666666667
    39  367           -0.111111111111111
    61  367            0.166666666666667
    63  367           -0.111111111111111
    37  368          -0.0416666666666667
    38  368          -0.0416666666666667
    39  368          -0.0277777777777778
    40  368          -0.0416666666666667
    41  368           0.0416666666666667
    42  368          -0.0277777777777778
    61  368           0.0416666666666667
    62  368           0.0416666666666667
    63  368          -0.0277777777777778
    64  368           0.0416666666666667
    65  368          -0.0416666666666667
    66  368          -0.0277777777777778
    40  369           -0.166666666666667
    42  369           -0.111111111111111
    64  369            0.166666666666667
    66  369           -0.111111111111111
    40  370          -0.0416666666666667
    41  370          -0.0416666666666667
    42  370          -0.0277777777777778
    43  370          -0.0416666666666667
    44  370           0.0416666666666667
    45  370          -0.0277777777777778
    64  370           0.0416666666666667
    65  370           0.0416666666666667
    66  370          -0.0277777777777778
    67  370           0.0416666666666667
    68  370          -0.0416666666666667
    69  370          -0.0277777777777778
    43  371           -0.166666666666667
    45  371           -0.111111111111111
    67  371            0.166666666666667
    69  371           -0.111111111111111
    43  372          -0.0416666666666667
    44  372          -0.0416666666666667
    45  372          -0.0277777777777778
    46  372          -0.0416666666666667
    47  372           0.0416666666666667
    48  372          -0.0277777777777778
    67  372           0.0416666666666667
    68  372           0.0416666666666667
    69  372          -0.0277777777777778
    70  372           0.0416666666666667
    71  372          -0.0416666666666667
    72  372          -0.0277777777777778
    46  373           -0.166666666666667
    48  373           -0.111111111111111
    70  373            0.166666666666667
    72  373           -0.111111111111111
    51  376            0.222222222222222
    51  377           0.0555555555555556
    54  377           0.0555555555555556
    54  378            0.222222222222222
    54  379           0.0555555555555556
    57  379           0.0555555555555556
    57  380            0.222222222222222
    57  381           0.0555555555555556
    60  381           0.0555555555555556
    60  382            0.222222222222222
    60  383           0.0555555555555556
    63  383           0.0555555555555556
    63  384            0.222222222222222
    63  385           0.0555555555555556
    66  385           0.0555555555555556
    66  386            0.222222222222222
    66  387           0.0555555555555556
    69  387           0.0555555555555556
    69  388            0.222222222222222
    69  389           0.0555555555555556
    72  389           0.0555555555555556
    72  390            0.222222222222222
    49  393           -0.166666666666667
    51  393           -0.111111111111111
    73  393            0.166666666666667
    75  393           -0.111111111111111
    49  394          -0.0416666666666667
    50  394          -0.0416666666666667
    51  394          -0.0277777777777778
    52  394          -0.0416666666666667
    53  394           0.0416666666666667
    54  394          -0.0277777777777778
    73  394           0.0416666666666667
    74  394           0.0416666666666667
    75  394          -0.0277777777777778
    76  394           0.0416666666666667
    77  394          -0.0416666666666667
    78  394          -0.0277777777777778
    52  395           -0.166666666666667
    54  395           -0.111111111111111
    76  395            0.166666666666667
    78  395           -0.111111111111111
    52  396          -0.0416666666666667
    53  396          -0.0416666666666667
    54  396          -0.0277777777777778
    55  396          -0.0416666666666667
    56  396           0.0416666666666667
    57  396          -0.0277777777777778
    76  396           0.0416666666666667
    77  396           0.0416666666666667
    78  396          -0.0277777777777778
    79  396           0.0416666666666667
    80  396          -0.0416666666666667
    81  396          -0.0277777777777778
    55  397           -0.166666666666667
    57  397           -0.111111111111111
    79  397            0.166666666666667
    81  397           -0.111111111111111
    55  398          -0.0416666666666667
    56  398          -0.0416666666666667
    57  398          -0.0277777777777778
    58  398          -0.0416666666666667
    59  398           0.0416666666666667
    60  398          -0.0277777777777778
    79  398           0.0416666666666667
    80  398           0.0416666666666667
    81  398          -0.0277777777777778
    82  398           0.0416666666666667
    83  398          -0.0416666666666667
    84  398          -0.0277777777777778
    58  399           -0.166666666666667
    60  399           -0.111111111111111
    82  399            0.166666666666667
    84  399           -0.111111111111111
    58  400          -0.0416666666666667
    59  400          -0.0416666666666667
    60  400          -0.0277777777777778
    61  400          -0.0416666666666667
    62  400           0.0416666666666667
    63  400          -0.0277777777777778
    82  400           0.0416666666666667
    83  400           0.0416666666666667
    84  400          -0.0277777777777778
    85  400           0.0416666666666667
    86  400          -0.0416666666666667
    87  400          -0.0277777777777778
    61  401           -0.166666666666667
    63  401           -0.111111111111111
    85  401            0.166666666666667
    87  401           -0.111111111111111
    61  402          -0.0416666666666667
    62  402          -0.0416666666666667
    63  402          -0.0277777777777778
    64  402          -0.0416666666666667
    65  402           0.0416666666666667
    66  402          -0.0277777777777778
    85  402           0.0416666666666667
    86  402           0.0416666666666667
    87  402          -0.0277777777777778
    88  402           0.0416666666666667
    89  402          -0.0416666666666667
    90  402          -0.0277777777777778
    64  403           -0.166666666666667
    66  403           -0.111111111111111
    88  403            0.166666666666667
    90  403           -0.111111111111111
    64  404          -0.0416666666666667
    65  404          -0.0416666666666667
    66  404          -0.0277777777777778
    67  404          -0.0416666666666667
    68  404           0.0416666666666667
    69  404          -0.0277777777777778
    88  404           0.0416666666666667
    89  404           0.0416666666666667
    90  404          -0.0277777777777778
    91  404           0.0416666666666667
    92  404          -0.0416666666666667
    93  404          -0.0277777777777778
    67  405           -0.166666666666667
    69  405           -0.111111111111111
    91  405            0.166666666666667
    93  405           -0.111111111111111
    67  406          -0.0416666666666667
    68  406          -0.0416666666666667
    69  406          -0.0277777777777778
    70  406          -0.0416666666666667
    71  406           0.0416666666666667
    72  406          -0.0277777777777778
    91  406           0.0416666666666667
    92  406           0.0416666666666667
    93  406          -0.0277777777777778
    94  406           0.0416666666666667
    95  406          -0.0416666666666667
    96  406          -0.0277777777777778
    70  407           -0.166666666666667
    72  407           -0.111111111111111
    94  407            0.166666666666667
    96  407           -0.111111111111111
    75  410            0.222222222222222
    75  411           0.0555555555555556
    78  411           0.0555555555555556
    78  412            0.222222222222222
    78  413           0.0555555555555556
    81  413           0.0555555555555556
    81  414            0.222222222222222
    81  415           0.0555555555555556
    84  415           0.0555555555555556
    84  416            0.222222222222222
    84  417           0.0555555555555556
    87  417           0.0555555555555556
    87  418            0.222222222222222
    87  419           0.0555555555555556
    90  419           0.0555555555555556
    90  420            0.222222222222222
    90  421           0.0555555555555556
    93  421           0.0555555555555556
    93  422            0.222222222222222
    93  423           0.0555555555555556
    96  423           0.0555555555555556
    96  424            0.222222222222222
    73  427           -0.166666666666667
    75  427           -0.111111111111111
    97  427            0.166666666666667
    99  427           -0.111111111111111
    73  428          -0.0416666666666667
    74  428          -0.0416666666666667
    75  428          -0.0277777777777778
    76  428          -0.0416666666666667
    77  428           0.0416666666666667
    78  428          -0.0277777777777778
    97  428           0.0416666666666667
    98  428           0.0416666666666667
    99  428          -0.0277777777777778
   100  428           0.0416666666666667
   101  428          -0.0416666666666667
   102  428          -0.0277777777777778
    76  429           -0.166666666666667
    78  429           -0.111111111111111
   100  429            0.166666666666667
   102  429           -0.111111111111111
    76  430          -0.0416666666666667
    77  430          -0.0416666666666667
    78  430          -0.0277777777777778
    79  430          -0.0416666666666667
    80  430           0.0416666666666667
    81  430          -0.0277777777777778
   100  430           0.0416666666666667
   101  430           0.0416666666666667
   102  430          -0.0277777777777778
   103  430           0.0416666666666667
   104  430          -0.0416666666666667
   105  430          -0.0277777777777778
    79  431           -0.166666666666667
    81  431           -0.111111111111111
   103  431            0.166666666666667
   105  431           -0.111111111111111
    79  432          -0.0416666666666667
    80  432          -0.0416666666666667
    81  432          -0.0277777777777778
    82  432          -0.0416666666666667
    83  432           0.0416666666666667
    84  432          -0.0277777777777778
   103  432           0.0416666666666667
   104  432           0.0416666666666667
   105  432          -0.0277777777777778
   106  432           0.0416666666666667
   107  432          -0.0416666666666667
   108  432          -0.0277777777777778
    82  433           -0.166666666666667
    84  433           -0.111111111111111
   106  433            0.166666666666667
   108  433           -0.111111111111111
    82  434          -0.0416666666666667
    83  434          -0.0416666666666667
    84  434          -0.0277777777777778
    85  434          -0.0416666666666667
    86  434           0.0416666666666667
    87  434          -0.0277777777777778
   106  434           0.0416666666666667
   107  434           0.0416666666666667
   108  434          -0.0277777777777778
   109  434           0.0416666666666667
   110  434          -0.0416666666666667
   111  434          -0.0277777777777778
    85  435           -0.166666666666667
    87  435           -0.111111111111111
   109  435            0.166666666666667
   111  435           -0.111111111111111
    85  436          -0.0416666666666667
    86  436          -0.0416666666666667
    87  436          -0.0277777777777778
    88  436          -0.0416666666666667
    89  436           0.0416666666666667
    90  436          -0.0277777777777778
   109  436           0.0416666666666667
   110  436           0.0416666666666667
   111  436          -0.0277777777777778
   112  436           0.0416666666666667
   113  436          -0.0416666666666667
   114  436          -0.0277777777777778
    88  437           -0.166666666666667
    90  437           -0.111111111111111
   112  437            0.166666666666667
   114  437           -0.111111111111111
    88  438          -0.0416666666666667
    89  438          -0.0416666666666667
    90  438          -0.0277777777777778
    91  438          -0.0416666666666667
    92  438           0.0416666666666667
    93  438          -0.0277777777777778
   112  438           0.0416666666666667
   113  438           0.0416666666666667
   114  438          -0.0277777777777778
   115  438           0.0416666666666667
   116  438          -0.0416666666666667
   117  438          -0.0277777777777778
    91  439           -0.166666666666667
    93  439           -0.111111111111111
   115  439            0.166666666666667
   117  439           -0.111111111111111
    91  440          -0.0416666666666667
    92  440          -0.0416666666666667
    93  440          -0.0277777777777778
    94  440          -0.0416666666666667
    95  440           0.0416666666666667
    96  440          -0.0277777777777778
   115  440           0.0416666666666667
   116  440           0.0416666666666667
   117  440          -0.0277777777777778
   118  440           0.0416666666666667
   119  440          -0.0416666666666667
   120  440          -0.0277777777777778
    94  441           -0.166666666666667
    96  441           -0.111111111111111
   118  441            0.166666666666667
   120  441           -0.111111111111111
    99  444            0.222222222222222
    99  445           0.0555555555555556
   102  445           0.0555555555555556
   102  446            0.222222222222222
   102  447           0.0555555555555556
   105  447           0.0555555555555556
   105  448            0.222222222222222
   105  449           0.0555555555555556
   108  449           0.0555555555555556
   108  450            0.222222222222222
   108  451           0.0555555555555556
   111  451           0.0555555555555556
   111  452            0.222222222222222
   111  453           0.0555555555555556
   114  453           0.0555555555555556
   114  454            0.222222222222222
   114  455           0.0555555555555556
   117  455           0.0555555555555556
   117  456            0.222222222222222
   117  457           0.0555555555555556
   120  457           0.0555555555555556
   120  458            0.222222222222222
    97  461           -0.166666666666667
    99  461           -0.111111111111111
   121  461            0.166666666666667
   123  461           -0.111111111111111
    97  462          -0.0416666666666667
    98  462          -0.0416666666666667
    99  462          -0.0277777777777778
   100  462          -0.0416666666666667
   101  462           0.0416666666666667
   102  462          -0.0277777777777778
   121  462           0.0416666666666667
   122  462           0.0416666666666667
   123  462          -0.0277777777777778
   124  462           0.0416666666666667
   125  462          -0.0416666666666667
   126  462          -0.0277777777777778
   100  463           -0.166666666666667
   102  463           -0.111111111111111
   124  463            0.166666666666667
   126  463           -0.111111111111111
   100  464          -0.0416666666666667
   101  464          -0.0416666666666667
   102  464          -0.0277777777777778
   103  464          -0.0416666666666667
   104  464           0.0416666666666667
   105  464          -0.0277777777777778
   124  464           0.0416666666666667
   125  464           0.0416666666666667
   126  464          -0.0277777777777778
   127  464           0.0416666666666667
   128  464          -0.0416666666666667
   129  464          -0.0277777777777778
   103  465           -0.166666666666667
   105  465           -0.111111111111111
   127  465            0.166666666666667
   129  465           -0.111111111111111
   103  466          -0.0416666666666667
   104  466          -0.0416666666666667
   105  466          -0.0277777777777778
   106  466          -0.0416666666666667
   107  466           0.0416666666666667
   108  466          -0.0277777777777778
   127  466           0.0416666666666667
   128  466           0.0416666666666667
   129  466          -0.0277777777777778
   130  466           0.0416666666666667
   131  466          -0.0416666666666667
   132  466          -0.0277777777777778
   106  467           -0.166666666666667
   108  467           -0.111111111111111
   130  467            0.166666666666667
   132  467           -0.111111111111111
   106  468          -0.0416666666666667
   107  468          -0.0416666666666667
   108  468          -0.0277777777777778
   109  468          -0.0416666666666667
   110  468           0.0416666666666667
   111  468          -0.0277777777777778
   130  468           0.0416666666666667
   131  468           0.0416666666666667
   132  468          -0.0277777777777778
   133  468           0.0416666666666667
   134  468          -0.0416666666666667
   135  468          -0.0277777777777778
   109  469           -0.166666666666667
   111  469           -0.111111111111111
   133  469            0.166666666666667
   135  469           -0.111111111111111
   109  470          -0.0416666666666667
   110  470          -0.0416666666666667
   111  470          -0.0277777777777778
   112  470          -0.0416666666666667
   113  470           0.0416666666666667
   114  470          -0.0277777777777778
   133  470           0.0416666666666667
   134  470           0.0416666666666667
   135  470          -0.0277777777777778
   136  470           0.0416666666666667
   137  470          -0.0416666666666667
   138  470          -0.0277777777777778
   112  471           -0.166666666666667
   114  471           -0.111111111111111
   136  471            0.166666666666667
   138  471           -0.111111111111111
   112  472          -0.0416666666666667
   113  472          -0.0416666666666667
   114  472          -0.0277777777777778
   115  472          -0.0416666666666667
   116  472           0.0416666666666667
   117  472          -0.0277777777777778
   136  472           0.0416666666666667
   137  472           0.0416666666666667
   138  472          -0.0277777777777778
   139  472           0.0416666666666667
   140  472          -0.0416666666666667
   141  472          -0.0277777777777778
   115  473           -0.166666666666667
   117  473           -0.111111111111111
   139  473            0.166666666666667
   141  473           -0.111111111111111
   115  474          -0.0416666666666667
   116  474          -0.0416666666666667
   117  474          -0.0277777777777778
   118  474          -0.0416666666666667
   119  474           0.0416666666666667
   120  474          -0.0277777777777778
   139  474           0.0416666666666667
   140  474           0.0416666666666667
   141  474          -0.0277777777777778
   142  474           0.0416666666666667
   143  474          -0.0416666666666667
   144  474          -0.0277777777777778
   118  475           -0.166666666666667
   120  475           -0.111111111111111
   142  475            0.166666666666667
   144  475           -0.111111111111111
   123  478            0.222222222222222
   123  479           0.0555555555555556
   126  479           0.0555555555555556
   126  480            0.222222222222222
   126  481           0.0555555555555556
   129  481           0.0555555555555556
   129  482            0.222222222222222
   129  483           0.0555555555555556
   132  483           0.0555555555555556
   132  484            0.222222222222222
   132  485           0.0555555555555556
   135  485           0.0555555555555556
   135  486            0.222222222222222
   135  487           0.0555555555555556
   138  487           0.0555555555555556
   138  488            0.222222222222222
   138  489           0.0555555555555556
   141  489           0.0555555555555556
   141  490            0.222222222222222
   141  491           0.0555555555555556
   144  491           0.0555555555555556
   144  492            0.222222222222222
   121  495           -0.166666666666667
   123  495           -0.111111111111111
   145  495            0.166666666666667
   147  495           -0.111111111111111
   121  496          -0.0416666666666667
   122  496          -0.0416666666666667
   123  496          -0.0277777777777778
   124  496          -0.0416666666666667
   125  496           0.0416666666666667
   126  496          -0.0277777777777778
   145  496           0.0416666666666667
   146  496           0.0416666666666667
   147  496          -0.0277777777777778
   148  496           0.0416666666666667
   149  496          -0.0416666666666667
   150  496          -0.0277777777777778
   124  497           -0.166666666666667
   126  497           -0.111111111111111
   148  497            0.166666666666667
   150  497           -0.111111111111111
   124  498          -0.0416666666666667
   125  498          -0.0416666666666667
   126  498          -0.0277777777777778
   127  498          -0.0416666666666667
   128  498           0.0416666666666667
   129  498          -0.0277777777777778
   148  498           0.0416666666666667
   149  498           0.0416666666666667
   150  498          -0.0277777777777778
   151  498           0.0416666666666667
   152  498          -0.0416666666666667
   153  498          -0.0277777777777778
   127  499           -0.166666666666667
   129  499           -0.111111111111111
   151  499            0.166666666666667
   153  499           -0.111111111111111
   127  500          -0.0416666666666667
   128  500          -0.0416666666666667
   129  500          -0.0277777777777778
   130  500          -0.0416666666666667
   131  500           0.0416666666666667
   132  500          -0.0277777777777778
   151  500           0.0416666666666667
   152  500           0.0416666666666667
   153  500          -0.0277777777777778
   154  500           0.0416666666666667
   155  500          -0.0416666666666667
   156  500          -0.0277777777777778
   130  501           -0.166666666666667
   132  501           -0.111111111111111
   154  501            0.166666666666667
   156  501           -0.111111111111111
   130  502          -0.0416666666666667
   131  502          -0.0416666666666667
   132  502          -0.0277777777777778
   133  502          -0.0416666666666667
   134  502           0.0416666666666667
   135  502          -0.0277777777777778
   154  502           0.0416666666666667
   155  502           0.0416666666666667
   156  502          -0.0277777777777778
   157  502           0.0416666666666667
   158  502          -0.0416666666666667
   159  502          -0.0277777777777778
   133  503           -0.166666666666667
   135  503           -0.111111111111111
   157  503            0.166666666666667
   159  503           -0.111111111111111
   133  504          -0.0416666666666667
   134  504          -0.0416666666666667
   135  504          -0.0277777777777778
   136  504          -0.0416666666666667
   137  504           0.0416666666666667
   138  504          -0.0277777777777778
   157  504           0.0416666666666667
   158  504           0.0416666666666667
   159  504          -0.0277777777777778
   160  504           0.0416666666666667
   161  504          -0.0416666666666667
   162  504          -0.0277777777777778
   136  505           -0.166666666666667
   138  505           -0.111111111111111
   160  505            0.166666666666667
   162  505           -0.111111111111111
   136  506          -0.0416666666666667
   137  506          -0.0416666666666667
   138  506          -0.0277777777777778
   139  506          -0.0416666666666667
   140  506           0.0416666666666667
   141  506          -0.0277777777777778
   160  506           0.0416666666666667
   161  506           0.0416666666666667
   162  506          -0.0277777777777778
   163  506           0.0416666666666667
   164  506          -0.0416666666666667
   165  506          -0.0277777777777778
   139  507           -0.166666666666667
   141  507           -0.111111111111111
   163  507            0.166666666666667
   165  507           -0.111111111111111
   139  508          -0.0416666666666667
   140  508          -0.0416666666666667
   141  508          -0.0277777777777778
   142  508          -0.0416666666666667
   143  508           0.0416666666666667
   144  508          -0.0277777777777778
   163  508           0.0416666666666667
   164  508           0.0416666666666667
   165  508          -0.0277777777777778
   166  508           0.0416666666666667
   167  508          -0.0416666666666667
   168  508          -0.0277777777777778
   142  509           -0.166666666666667
   144  509           -0.111111111111111
   166  509            0.166666666666667
   168  509           -0.111111111111111
   147  512            0.222222222222222
   147  513           0.0555555555555556
   150  513           0.0555555555555556
   150  514            0.222222222222222
   150  515           0.0555555555555556
   153  515           0.0555555555555556
   153  516            0.222222222222222
   153  517           0.0555555555555556
   156  517           0.0555555555555556
   156  518            0.222222222222222
   156  519           0.0555555555555556
   159  519           0.0555555555555556
   159  520            0.222222222222222
   159  521           0.0555555555555556
   162  521           0.0555555555555556
   162  522            0.222222222222222
   162  523           0.0555555555555556
   165  523           0.0555555555555556
   165  524            0.222222222222222
   165  525           0.0555555555555556
   168  525           0.0555555555555556
   168  526            0.222222222222222
   145  529           -0.166666666666667
   147  529           -0.111111111111111
   169  529            0.166666666666667
   171  529           -0.111111111111111
   145  530          -0.0416666666666667
   146  530          -0.0416666666666667
   147  530          -0.0277777777777778
   148  530          -0.0416666666666667
   149  530           0.0416666666666667
   150  530          -0.0277777777777778
   169  530           0.0416666666666667
   170  530           0.0416666666666667
   171  530          -0.0277777777777778
   172  530           0.0416666666666667
   173  530          -0.0416666666666667
   174  530          -0.0277777777777778
   148  531           -0.166666666666667
   150  531           -0.111111111111111
   172  531            0.166666666666667
   174  531           -0.111111111111111
   148  532          -0.0416666666666667
   149  532          -0.0416666666666667
   150  532          -0.0277777777777778
   151  532          -0.0416666666666667
   152  532           0.0416666666666667
   153  532          -0.0277777777777778
   172  532           0.0416666666666667
   173  532           0.0416666666666667
   174  532          -0.0277777777777778
   175  532           0.0416666666666667
   176  532          -0.0416666666666667
   177  532          -0.0277777777777778
   151  533           -0.166666666666667
   153  533           -0.111111111111111
   175  533            0.166666666666667
   177  533           -0.111111111111111
   151  534          -0.0416666666666667
   152  534          -0.0416666666666667
   153  534          -0.0277777777777778
   154  534          -0.0416666666666667
   155  534           0.0416666666666667
   156  534          -0.0277777777777778
   175  534           0.0416666666666667
   176  534           0.0416666666666667
   177  534          -0.0277777777777778
   178  534           0.0416666666666667
   179  534          -0.0416666666666667
   180  534          -0.0277777777777778
   154  535           -0.166666666666667
   156  535           -0.111111111111111
   178  535            0.166666666666667
   180  535           -0.111111111111111
   154  536          -0.0416666666666667
   155  536          -0.0416666666666667
   156  536          -0.0277777777777778
   157  536          -0.0416666666666667
   158  536           0.0416666666666667
   159  536          -0.0277777777777778
   178  536           0.0416666666666667
   179  536           0.0416666666666667
   180  536          -0.0277777777777778
   181  536           0.0416666666666667
   182  536          -0.0416666666666667
   183  536          -0.0277777777777778
   157  537           -0.166666666666667
   159  537           -0.111111111111111
   181  537            0.166666666666667
   183  537           -0.111111111111111
   157  538          -0.0416666666666667
   158  538          -0.0416666666666667
   159  538          -0.0277777777777778
   160  538          -0.0416666666666667
   161  538           0.0416666666666667
   162  538          -0.0277777777777778
   181  538           0.0416666666666667
   182  538           0.0416666666666667
   183  538          -0.0277777777777778
   184  538           0.0416666666666667
   185  538          -0.0416666666666667
   186  538          -0.0277777777777778
   160  539           -0.166666666666667
   162  539           -0.111111111111111
   184  539            0.166666666666667
   186  539           -0.111111111111111
   160  540          -0.0416666666666667
   161  540          -0.0416666666666667
   162  540          -0.0277777777777778
   163  540          -0.0416666666666667
   164  540           0.0416666666666667
   165  540          -0.0277777777777778
   184  540           0.0416666666666667
   185  540           0.0416666666666667
   186  540          -0.0277777777777778
   187  540           0.0416666666666667
   188  540          -0.0416666666666667
   189  540          -0.0277777777777778
   163  541           -0.166666666666667
   165  541           -0.111111111111111
   187  541            0.166666666666667
   189  541           -0.111111111111111
   163  542          -0.0416666666666667
   164  542          -0.0416666666666667
   165  542          -0.0277777777777778
   166  542          -0.0416666666666667
   167  542           0.0416666666666667
   168  542          -0.0277777777777778
   187  542           0.0416666666666667
   188  542           0.0416666666666667
   189  542          -0.0277777777777778
   190  542           0.0416666666666667
   191  542          -0.0416666666666667
   192  542          -0.0277777777777778
   166  543           -0.166666666666667
   168  543           -0.111111111111111
   190  543            0.166666666666667
   192  543           -0.111111111111111
   171  546            0.222222222222222
   171  547           0.0555555555555556
   174  547           0.0555555555555556
   174  548            0.222222222222222
   174  549           0.0555555555555556
   177  549           0.0555555555555556
   177  550            0.222222222222222
   177  551           0.0555555555555556
   180  551           0.0555555555555556
   180  552            0.222222222222222
   180  553           0.0555555555555556
   183  553           0.0555555555555556
   183  554            0.222222222222222
   183  555           0.0555555555555556
   186  555           0.0555555555555556
   186  556            0.222222222222222
   186  557           0.0555555555555556
   189  557           0.0555555555555556
   189  558            0.222222222222222
   189  559           0.0555555555555556
   192  559           0.0555555555555556
   192  560            0.222222222222222