    20  1           -0.166666666666667
    37  1            -0.0416666666666667
   325  1             -0.166666666666667
   326  1            -0.0416666666666667
    19  2              0.222222222222222
    20  2             -0.111111111111111
    36  2             0.0555555555555556
    37  2            -0.0277777777777778
   326  2            -0.0416666666666667
    37  3            -0.0416666666666667
   308  3              0.222222222222222
   309  3             0.0555555555555556
   325  3             -0.111111111111111
   326  3            -0.0277777777777778
    20  4              0.166666666666667
    22  4             -0.166666666666667
    37  4             0.0416666666666667
    39  4            -0.0416666666666667
   326  4            -0.0416666666666667
   327  4             -0.166666666666667
   328  4            -0.0416666666666667
    20  5             -0.111111111111111
    21  5              0.222222222222222
    22  5             -0.111111111111111
    37  5            -0.0277777777777778
    38  5             0.0555555555555556
    39  5            -0.0277777777777778
   326  5             0.0416666666666667
   328  5            -0.0416666666666667
    37  6             0.0416666666666667
    39  6            -0.0416666666666667
   309  6             0.0555555555555556
   310  6              0.222222222222222
   311  6             0.0555555555555556
   326  6            -0.0277777777777778
   327  6             -0.111111111111111
   328  6            -0.0277777777777778
    22  7              0.166666666666667
    24  7             -0.166666666666667
    39  7             0.0416666666666667
    41  7            -0.0416666666666667
   328  7            -0.0416666666666667
   329  7             -0.166666666666667
   330  7            -0.0416666666666667
    22  8             -0.111111111111111
    23  8              0.222222222222222
    24  8             -0.111111111111111
    39  8            -0.0277777777777778
    40  8             0.0555555555555556
    41  8            -0.0277777777777778
   328  8             0.0416666666666667
   330  8            -0.0416666666666667
    39  9             0.0416666666666667
    41  9            -0.0416666666666667
   311  9             0.0555555555555556
   312  9              0.222222222222222
   313  9             0.0555555555555556
   328  9            -0.0277777777777778
   329  9             -0.111111111111111
   330  9            -0.0277777777777778
    24  10             0.166666666666667
    26  10            -0.166666666666667
    41  10            0.0416666666666667
    43  10           -0.0416666666666667
   330  10           -0.0416666666666667
   331  10            -0.166666666666667
   332  10           -0.0416666666666667
    24  11            -0.111111111111111
    25  11             0.222222222222222
    26  11            -0.111111111111111
    41  11           -0.0277777777777778
    42  11            0.0555555555555556
    43  11           -0.0277777777777778
   330  11            0.0416666666666667
   332  11           -0.0416666666666667
    41  12            0.0416666666666667
    43  12           -0.0416666666666667
   313  12            0.0555555555555556
   314  12             0.222222222222222
   315  12            0.0555555555555556
   330  12           -0.0277777777777778
   331  12            -0.111111111111111
   332  12           -0.0277777777777778
    26  13             0.166666666666667
    28  13            -0.166666666666667
    43  13            0.0416666666666667
    45  13           -0.0416666666666667
   332  13           -0.0416666666666667
   333  13            -0.166666666666667
   334  13           -0.0416666666666667
    26  14            -0.111111111111111
    27  14             0.222222222222222
    28  14            -0.111111111111111
    43  14           -0.0277777777777778
    44  14            0.0555555555555556
    45  14           -0.0277777777777778
   332  14            0.0416666666666667
   334  14           -0.0416666666666667
    43  15            0.0416666666666667
    45  15           -0.0416666666666667
   315  15            0.0555555555555556
   316  15             0.222222222222222
   317  15            0.0555555555555556
   332  15           -0.0277777777777778
   333  15            -0.111111111111111
   334  15           -0.0277777777777778
    28  16             0.166666666666667
    30  16            -0.166666666666667
    45  16            0.0416666666666667
    47  16           -0.0416666666666667
   334  16           -0.0416666666666667
   335  16            -0.166666666666667
   336  16           -0.0416666666666667
    28  17            -0.111111111111111
    29  17             0.222222222222222
    30  17            -0.111111111111111
    45  17           -0.0277777777777778
    46  17            0.0555555555555556
    47  17           -0.0277777777777778
   334  17            0.0416666666666667
   336  17           -0.0416666666666667
    45  18            0.0416666666666667
    47  18           -0.0416666666666667
   317  18            0.0555555555555556
   318  18             0.222222222222222
   319  18            0.0555555555555556
   334  18           -0.0277777777777778
   335  18            -0.111111111111111
   336  18           -0.0277777777777778
    30  19             0.166666666666667
    32  19            -0.166666666666667
    47  19            0.0416666666666667
    49  19           -0.0416666666666667
   336  19           -0.0416666666666667
   337  19            -0.166666666666667
   338  19           -0.0416666666666667
    30  20            -0.111111111111111
    31  20             0.222222222222222
    32  20            -0.111111111111111
    47  20           -0.0277777777777778
    48  20            0.0555555555555556
    49  20           -0.0277777777777778
   336  20            0.0416666666666667
   338  20           -0.0416666666666667
    47  21            0.0416666666666667
    49  21           -0.0416666666666667
   319  21            0.0555555555555556
   320  21             0.222222222222222
   321  21            0.0555555555555556
   336  21           -0.0277777777777778
   337  21            -0.111111111111111
   338  21           -0.0277777777777778
    32  22             0.166666666666667
    49  22            0.0416666666666667
   338  22           -0.0416666666666667
   339  22            -0.166666666666667
    32  23            -0.111111111111111
    33  23             0.222222222222222
    49  23           -0.0277777777777778
    50  23            0.0555555555555556
   338  23            0.0416666666666667
    49  24            0.0416666666666667
   321  24            0.0555555555555556
   322  24             0.222222222222222
   338  24           -0.0277777777777778
   339  24            -0.111111111111111
    37  25           -0.0416666666666667
    54  25            -0.166666666666667
    71  25           -0.0416666666666667
   325  25             0.166666666666667
   326  25            0.0416666666666667
   359  25            -0.166666666666667
   360  25           -0.0416666666666667
    36  26            0.0555555555555556
    37  26           -0.0277777777777778
    53  26             0.222222222222222
    54  26            -0.111111111111111
    70  26            0.0555555555555556
    71  26           -0.0277777777777778
   326  26            0.0416666666666667
   360  26           -0.0416666666666667
    37  27            0.0416666666666667
    71  27           -0.0416666666666667
   325  27            -0.111111111111111
   326  27           -0.0277777777777778
   342  27             0.222222222222222
   343  27            0.0555555555555556
   359  27            -0.111111111111111
   360  27           -0.0277777777777778
    37  28            0.0416666666666667
    39  28           -0.0416666666666667
    54  28             0.166666666666667
    56  28            -0.166666666666667
    71  28            0.0416666666666667
    73  28           -0.0416666666666667
   326  28            0.0416666666666667
   327  28             0.166666666666667
   328  28            0.0416666666666667
   360  28           -0.0416666666666667
   361  28            -0.166666666666667
   362  28           -0.0416666666666667
    37  29           -0.0277777777777778
    38  29            0.0555555555555556
    39  29           -0.0277777777777778
    54  29            -0.111111111111111
    55  29             0.222222222222222
    56  29            -0.111111111111111
    71  29           -0.0277777777777778
    72  29            0.0555555555555556
    73  29           -0.0277777777777778
   326  29           -0.0416666666666667
   328  29            0.0416666666666667
   360  29            0.0416666666666667
   362  29           -0.0416666666666667
    37  30           -0.0416666666666667
    39  30            0.0416666666666667
    71  30            0.0416666666666667
    73  30           -0.0416666666666667
   326  30           -0.0277777777777778
   327  30            -0.111111111111111
   328  30           -0.0277777777777778
   343  30            0.0555555555555556
   344  30             0.222222222222222
   345  30            0.0555555555555556
   360  30           -0.0277777777777778
   361  30            -0.111111111111111
   362  30           -0.0277777777777778
    39  31            0.0416666666666667
    41  31           -0.0416666666666667
    56  31             0.166666666666667
    58  31            -0.166666666666667
    73  31            0.0416666666666667
    75  31           -0.0416666666666667
   328  31            0.0416666666666667
   329  31             0.166666666666667
   330  31            0.0416666666666667
   362  31           -0.0416666666666667
   363  31            -0.166666666666667
   364  31           -0.0416666666666667
    39  32           -0.0277777777777778
    40  32            0.0555555555555556
    41  32           -0.0277777777777778
    56  32            -0.111111111111111
    57  32             0.222222222222222
    58  32            -0.111111111111111
    73  32           -0.0277777777777778
    74  32            0.0555555555555556
    75  32           -0.0277777777777778
   328  32           -0.0416666666666667
   330  32            0.0416666666666667
   362  32            0.0416666666666667
   364  32           -0.0416666666666667
    39  33           -0.0416666666666667
    41  33            0.0416666666666667
    73  33            0.0416666666666667
    75  33           -0.0416666666666667
   328  33           -0.0277777777777778
   329  33            -0.111111111111111
   330  33           -0.0277777777777778
   345  33            0.0555555555555556
   346  33             0.222222222222222
   347  33            0.0555555555555556
   362  33           -0.0277777777777778
   363  33            -0.111111111111111
   364  33           -0.0277777777777778
    41  34            0.0416666666666667
    43  34           -0.0416666666666667
    58  34             0.166666666666667
    60  34            -0.166666666666667
    75  34            0.0416666666666667
    77  34           -0.0416666666666667
   330  34            0.0416666666666667
   331  34             0.166666666666667
   332  34            0.0416666666666667
   364  34           -0.0416666666666667
   365  34            -0.166666666666667
   366  34           -0.0416666666666667
    41  35           -0.0277777777777778
    42  35            0.0555555555555556
    43  35           -0.0277777777777778
    58  35            -0.111111111111111
    59  35             0.222222222222222
    60  35            -0.111111111111111
    75  35           -0.0277777777777778
    76  35            0.0555555555555556
    77  35           -0.0277777777777778
   330  35           -0.0416666666666667
   332  35            0.0416666666666667
   364  35            0.0416666666666667
   366  35           -0.0416666666666667
    41  36           -0.0416666666666667
    43  36            0.0416666666666667
    75  36            0.0416666666666667
    77  36           -0.0416666666666667
   330  36           -0.0277777777777778
   331  36            -0.111111111111111
   332  36           -0.0277777777777778
   347  36            0.0555555555555556
   348  36             0.222222222222222
   349  36            0.0555555555555556
   364  36           -0.0277777777777778
   365  36            -0.111111111111111
   366  36           -0.0277777777777778
    43  37            0.0416666666666667
    45  37           -0.0416666666666667
    60  37             0.166666666666667
    62  37            -0.166666666666667
    77  37            0.0416666666666667
    79  37           -0.0416666666666667
   332  37            0.0416666666666667
   333  37             0.166666666666667
   334  37            0.0416666666666667
   366  37           -0.0416666666666667
   367  37            -0.166666666666667
   368  37           -0.0416666666666667
    43  38           -0.0277777777777778
    44  38            0.0555555555555556
    45  38           -0.0277777777777778
    60  38            -0.111111111111111
    61  38             0.222222222222222
    62  38            -0.111111111111111
    77  38           -0.0277777777777778
    78  38            0.0555555555555556
    79  38           -0.0277777777777778
   332  38           -0.0416666666666667
   334  38            0.0416666666666667
   366  38            0.0416666666666667
   368  38           -0.0416666666666667
    43  39           -0.0416666666666667
    45  39            0.0416666666666667
    77  39            0.0416666666666667
    79  39           -0.0416666666666667
   332  39           -0.0277777777777778
   333  39            -0.111111111111111
   334  39           -0.0277777777777778
   349  39            0.0555555555555556
   350  39             0.222222222222222
   351  39            0.0555555555555556
   366  39           -0.0277777777777778
   367  39            -0.111111111111111
   368  39           -0.0277777777777778
    45  40            0.0416666666666667
    47  40           -0.0416666666666667
    62  40             0.166666666666667
    64  40            -0.166666666666667
    79  40            0.0416666666666667
    81  40           -0.0416666666666667
   334  40            0.0416666666666667
   335  40             0.166666666666667
   336  40            0.0416666666666667
   368  40           -0.0416666666666667
   369  40            -0.166666666666667
   370  40           -0.0416666666666667
    45  41           -0.0277777777777778
    46  41            0.0555555555555556
    47  41           -0.0277777777777778
    62  41            -0.111111111111111
    63  41             0.222222222222222
    64  41            -0.111111111111111
    79  41           -0.0277777777777778
    80  41            0.0555555555555556
    81  41           -0.0277777777777778
   334  41           -0.0416666666666667
   336  41            0.0416666666666667
   368  41            0.0416666666666667
   370  41           -0.0416666666666667
    45  42           -0.0416666666666667
    47  42            0.0416666666666667
    79  42            0.0416666666666667
    81  42           -0.0416666666666667
   334  42           -0.0277777777777778
   335  42            -0.111111111111111
   336  42           -0.0277777777777778
   351  42            0.0555555555555556
   352  42             0.222222222222222
   353  42            0.0555555555555556
   368  42           -0.0277777777777778
   369  42            -0.111111111111111
   370  42           -0.0277777777777778
    47  43            0.0416666666666667
    49  43           -0.0416666666666667
    64  43             0.166666666666667
    66  43            -0.166666666666667
    81  43            0.0416666666666667
    83  43           -0.0416666666666667
   336  43            0.0416666666666667
   337  43             0.166666666666667
   338  43            0.0416666666666667
   370  43           -0.0416666666666667
   371  43            -0.166666666666667
   372  43           -0.0416666666666667
    47  44           -0.0277777777777778
    48  44            0.0555555555555556
    49  44           -0.0277777777777778
    64  44            -0.111111111111111
    65  44             0.222222222222222
    66  44            -0.111111111111111
    81  44           -0.0277777777777778
    82  44            0.0555555555555556
    83  44           -0.0277777777777778
   336  44           -0.0416666666666667
   338  44            0.0416666666666667
   370  44            0.0416666666666667
   372  44           -0.0416666666666667
    47  45           -0.0416666666666667
    49  45            0.0416666666666667
    81  45            0.0416666666666667
    83  45           -0.0416666666666667
   336  45           -0.0277777777777778
   337  45            -0.111111111111111
   338  45           -0.0277777777777778
   353  45            0.0555555555555556
   354  45             0.222222222222222
   355  45            0.0555555555555556
   370  45           -0.0277777777777778
   371  45            -0.111111111111111
   372  45           -0.0277777777777778
    49  46            0.0416666666666667
    66  46             0.166666666666667
    83  46            0.0416666666666667
   338  46            0.0416666666666667
   339  46             0.166666666666667
   372  46           -0.0416666666666667
   373  46            -0.166666666666667
    49  47           -0.0277777777777778
    50  47            0.0555555555555556
    66  47            -0.111111111111111
    67  47             0.222222222222222
    83  47           -0.0277777777777778
    84  47            0.0555555555555556
   338  47           -0.0416666666666667
   372  47            0.0416666666666667
    49  48           -0.0416666666666667
    83  48            0.0416666666666667
   338  48           -0.0277777777777778
   339  48            -0.111111111111111
   355  48            0.0555555555555556
   356  48             0.222222222222222
   372  48           -0.0277777777777778
   373  48            -0.111111111111111
    71  49           -0.0416666666666667
    88  49            -0.166666666666667
   105  49           -0.0416666666666667
   359  49             0.166666666666667
   360  49            0.0416666666666667
   393  49            -0.166666666666667
   394  49           -0.0416666666666667
    70  50            0.0555555555555556
    71  50           -0.0277777777777778
    87  50             0.222222222222222
    88  50            -0.111111111111111
   104  50            0.0555555555555556
   105  50           -0.0277777777777778
   360  50            0.0416666666666667
   394  50           -0.0416666666666667
    71  51            0.0416666666666667
   105  51           -0.0416666666666667
   359  51            -0.111111111111111
   360  51           -0.0277777777777778
   376  51             0.222222222222222
   377  51            0.0555555555555556
   393  51            -0.111111111111111
   394  51           -0.0277777777777778
    71  52            0.0416666666666667
    73  52           -0.0416666666666667
    88  52             0.166666666666667
    90  52            -0.166666666666667
   105  52            0.0416666666666667
   107  52           -0.0416666666666667
   360  52            0.0416666666666667
   361  52             0.166666666666667
   362  52            0.0416666666666667
   394  52           -0.0416666666666667
   395  52            -0.166666666666667
   396  52           -0.0416666666666667
    71  53           -0.0277777777777778
    72  53            0.0555555555555556
    73  53           -0.0277777777777778
    88  53            -0.111111111111111
    89  53             0.222222222222222
    90  53            -0.111111111111111
   105  53           -0.0277777777777778
   106  53            0.0555555555555556
   107  53           -0.0277777777777778
   360  53           -0.0416666666666667
   362  53            0.0416666666666667
   394  53            0.0416666666666667
   396  53           -0.0416666666666667
    71  54           -0.0416666666666667
    73  54            0.0416666666666667
   105  54            0.0416666666666667
   107  54           -0.0416666666666667
   360  54           -0.0277777777777778
   361  54            -0.111111111111111
   362  54           -0.0277777777777778
   377  54            0.0555555555555556
   378  54             0.222222222222222
   379  54            0.0555555555555556
   394  54           -0.0277777777777778
   395  54            -0.111111111111111
   396  54           -0.0277777777777778
    73  55            0.0416666666666667
    75  55           -0.0416666666666667
    90  55             0.166666666666667
    92  55            -0.166666666666667
   107  55            0.0416666666666667
   109  55           -0.0416666666666667
   362  55            0.0416666666666667
   363  55             0.166666666666667
   364  55            0.0416666666666667
   396  55           -0.0416666666666667
   397  55            -0.166666666666667
   398  55           -0.0416666666666667
    73  56           -0.0277777777777778
    74  56            0.0555555555555556
    75  56           -0.0277777777777778
    90  56            -0.111111111111111
    91  56             0.222222222222222
    92  56            -0.111111111111111
   107  56           -0.0277777777777778
   108  56            0.0555555555555556
   109  56           -0.0277777777777778
   362  56           -0.0416666666666667
   364  56            0.0416666666666667
   396  56            0.0416666666666667
   398  56           -0.0416666666666667
    73  57           -0.0416666666666667
    75  57            0.0416666666666667
   107  57            0.0416666666666667
   109  57           -0.0416666666666667
   362  57           -0.0277777777777778
   363  57            -0.111111111111111
   364  57           -0.0277777777777778
   379  57            0.0555555555555556
   380  57             0.222222222222222
   381  57            0.0555555555555556
   396  57           -0.0277777777777778
   397  57            -0.111111111111111
   398  57           -0.0277777777777778
    75  58            0.0416666666666667
    77  58           -0.0416666666666667
    92  58             0.166666666666667
    94  58            -0.166666666666667
   109  58            0.0416666666666667
   111  58           -0.0416666666666667
   364  58            0.0416666666666667
   365  58             0.166666666666667
   366  58            0.0416666666666667
   398  58           -0.0416666666666667
   399  58            -0.166666666666667
   400  58           -0.0416666666666667
    75  59           -0.0277777777777778
    76  59            0.0555555555555556
    77  59           -0.0277777777777778
    92  59            -0.111111111111111
    93  59             0.222222222222222
    94  59            -0.111111111111111
   109  59           -0.0277777777777778
   110  59            0.0555555555555556
   111  59           -0.0277777777777778
   364  59           -0.0416666666666667
   366  59            0.0416666666666667
   398  59            0.0416666666666667
   400  59           -0.0416666666666667
    75  60           -0.0416666666666667
    77  60            0.0416666666666667
   109  60            0.0416666666666667
   111  60           -0.0416666666666667
   364  60           -0.0277777777777778
   365  60            -0.111111111111111
   366  60           -0.0277777777777778
   381  60            0.0555555555555556
   382  60             0.222222222222222
   383  60            0.0555555555555556
   398  60           -0.0277777777777778
   399  60            -0.111111111111111
   400  60           -0.0277777777777778
    77  61            0.0416666666666667
    79  61           -0.0416666666666667
    94  61             0.166666666666667
    96  61            -0.166666666666667
   111  61            0.0416666666666667
   113  61           -0.0416666666666667
   366  61            0.0416666666666667
   367  61             0.166666666666667
   368  61            0.0416666666666667
   400  61           -0.0416666666666667
   401  61            -0.166666666666667
   402  61           -0.0416666666666667
    77  62           -0.0277777777777778
    78  62            0.0555555555555556
    79  62           -0.0277777777777778
    94  62            -0.111111111111111
    95  62             0.222222222222222
    96  62            -0.111111111111111
   111  62           -0.0277777777777778
   112  62            0.0555555555555556
   113  62           -0.0277777777777778
   366  62           -0.0416666666666667
   368  62            0.0416666666666667
   400  62            0.0416666666666667
   402  62           -0.0416666666666667
    77  63           -0.0416666666666667
    79  63            0.0416666666666667
   111  63            0.0416666666666667
   113  63           -0.0416666666666667
   366  63           -0.0277777777777778
   367  63            -0.111111111111111
   368  63           -0.0277777777777778
   383  63            0.0555555555555556
   384  63             0.222222222222222
   385  63            0.0555555555555556
   400  63           -0.0277777777777778
   401  63            -0.111111111111111
   402  63           -0.0277777777777778
    79  64            0.0416666666666667
    81  64           -0.0416666666666667
    96  64             0.166666666666667
    98  64            -0.166666666666667
   113  64            0.0416666666666667
   115  64           -0.0416666666666667
   368  64            0.0416666666666667
   369  64             0.166666666666667
   370  64            0.0416666666666667
   402  64           -0.0416666666666667
   403  64            -0.166666666666667
   404  64           -0.0416666666666667
    79  65           -0.0277777777777778
    80  65            0.0555555555555556
    81  65           -0.0277777777777778
    96  65            -0.111111111111111
    97  65             0.222222222222222
    98  65            -0.111111111111111
   113  65           -0.0277777777777778
   114  65            0.0555555555555556
   115  65           -0.0277777777777778
   368  65           -0.0416666666666667
   370  65            0.0416666666666667
   402  65            0.0416666666666667
   404  65           -0.0416666666666667
    79  66           -0.0416666666666667
    81  66            0.0416666666666667
   113  66            0.0416666666666667
   115  66           -0.0416666666666667
   368  66           -0.0277777777777778
   369  66            -0.111111111111111
   370  66           -0.0277777777777778
   385  66            0.0555555555555556
   386  66             0.222222222222222
   387  66            0.0555555555555556
   402  66           -0.0277777777777778
   403  66            -0.111111111111111
   404  66           -0.0277777777777778
    81  67            0.0416666666666667
    83  67           -0.0416666666666667
    98  67             0.166666666666667
   100  67            -0.166666666666667
   115  67            0.0416666666666667
   117  67           -0.0416666666666667
   370  67            0.0416666666666667
   371  67             0.166666666666667
   372  67            0.0416666666666667
   404  67           -0.0416666666666667
   405  67            -0.166666666666667
   406  67           -0.0416666666666667
    81  68           -0.0277777777777778
    82  68            0.0555555555555556
    83  68           -0.0277777777777778
    98  68            -0.111111111111111
    99  68             0.222222222222222
   100  68            -0.111111111111111
   115  68           -0.0277777777777778
   116  68            0.0555555555555556
   117  68           -0.0277777777777778
   370  68           -0.0416666666666667
   372  68            0.0416666666666667
   404  68            0.0416666666666667
   406  68           -0.0416666666666667
    81  69           -0.0416666666666667
    83  69            0.0416666666666667
   115  69            0.0416666666666667
   117  69           -0.0416666666666667
   370  69           -0.0277777777777778
   371  69            -0.111111111111111
   372  69           -0.0277777777777778
   387  69            0.0555555555555556
   388  69             0.222222222222222
   389  69            0.0555555555555556
   404  69           -0.0277777777777778
   405  69            -0.111111111111111
   406  69           -0.0277777777777778
    83  70            0.0416666666666667
   100  70             0.166666666666667
   117  70            0.0416666666666667
   372  70            0.0416666666666667
   373  70             0.166666666666667
   406  70           -0.0416666666666667
   407  70            -0.166666666666667
    83  71           -0.0277777777777778
    84  71            0.0555555555555556
   100  71            -0.111111111111111
   101  71             0.222222222222222
   117  71           -0.0277777777777778
   118  71            0.0555555555555556
   372  71           -0.0416666666666667
   406  71            0.0416666666666667
    83  72           -0.0416666666666667
   117  72            0.0416666666666667
   372  72           -0.0277777777777778
   373  72            -0.111111111111111
   389  72            0.0555555555555556
   390  72             0.222222222222222
   406  72           -0.0277777777777778
   407  72            -0.111111111111111
   105  73           -0.0416666666666667
   122  73            -0.166666666666667
   139  73           -0.0416666666666667
   393  73             0.166666666666667
   394  73            0.0416666666666667
   427  73            -0.166666666666667
   428  73           -0.0416666666666667
   104  74            0.0555555555555556
   105  74           -0.0277777777777778
   121  74             0.222222222222222
   122  74            -0.111111111111111
   138  74            0.0555555555555556
   139  74           -0.0277777777777778
   394  74            0.0416666666666667
   428  74           -0.0416666666666667
   105  75            0.0416666666666667
   139  75           -0.0416666666666667
   393  75            -0.111111111111111
   394  75           -0.0277777777777778
   410  75             0.222222222222222
   411  75            0.0555555555555556
   427  75            -0.111111111111111
   428  75           -0.0277777777777778
   105  76            0.0416666666666667
   107  76           -0.0416666666666667
   122  76             0.166666666666667
   124  76            -0.166666666666667
   139  76            0.0416666666666667
   141  76           -0.0416666666666667
   394  76            0.0416666666666667
   395  76             0.166666666666667
   396  76            0.0416666666666667
   428  76           -0.0416666666666667
   429  76            -0.166666666666667
   430  76           -0.0416666666666667
   105  77           -0.0277777777777778
   106  77            0.0555555555555556
   107  77           -0.0277777777777778
   122  77            -0.111111111111111
   123  77             0.222222222222222
   124  77            -0.111111111111111
   139  77           -0.0277777777777778
   140  77            0.0555555555555556
   141  77           -0.0277777777777778
   394  77           -0.0416666666666667
   396  77            0.0416666666666667
   428  77            0.0416666666666667
   430  77           -0.0416666666666667
   105  78           -0.0416666666666667
   107  78            0.0416666666666667
   139  78            0.0416666666666667
   141  78           -0.0416666666666667
   394  78           -0.0277777777777778
   395  78            -0.111111111111111
   396  78           -0.0277777777777778
   411  78            0.0555555555555556
   412  78             0.222222222222222
   413  78            0.0555555555555556
   428  78           -0.0277777777777778
   429  78            -0.111111111111111
   430  78           -0.0277777777777778
   107  79            0.0416666666666667
   109  79           -0.0416666666666667
   124  79             0.166666666666667
   126  79            -0.166666666666667
   141  79            0.0416666666666667
   143  79           -0.0416666666666667
   396  79            0.0416666666666667
   397  79             0.166666666666667
   398  79            0.0416666666666667
   430  79           -0.0416666666666667
   431  79            -0.166666666666667
   432  79           -0.0416666666666667
   107  80           -0.0277777777777778
   108  80            0.0555555555555556
   109  80           -0.0277777777777778
   124  80            -0.111111111111111
   125  80             0.222222222222222
   126  80            -0.111111111111111
   141  80           -0.0277777777777778
   142  80            0.0555555555555556
   143  80           -0.0277777777777778
   396  80           -0.0416666666666667
   398  80            0.0416666666666667
   430  80            0.0416666666666667
   432  80           -0.0416666666666667
   107  81           -0.0416666666666667
   109  81            0.0416666666666667
   141  81            0.0416666666666667
   143  81           -0.0416666666666667
   396  81           -0.0277777777777778
   397  81            -0.111111111111111
   398  81           -0.0277777777777778
   413  81            0.0555555555555556
   414  81             0.222222222222222
   415  81            0.0555555555555556
   430  81           -0.0277777777777778
   431  81            -0.111111111111111
   432  81           -0.0277777777777778
   109  82            0.0416666666666667
   111  82           -0.0416666666666667
   126  82             0.166666666666667
   128  82            -0.166666666666667
   143  82            0.0416666666666667
   145  82           -0.0416666666666667
   398  82            0.0416666666666667
   399  82             0.166666666666667
   400  82            0.0416666666666667
   432  82           -0.0416666666666667
   433  82            -0.166666666666667
   434  82           -0.0416666666666667
   109  83           -0.0277777777777778
   110  83            0.0555555555555556
   111  83           -0.0277777777777778
   126  83            -0.111111111111111
   127  83             0.222222222222222
   128  83            -0.111111111111111
   143  83           -0.0277777777777778
   144  83            0.0555555555555556
   145  83           -0.0277777777777778
   398  83           -0.0416666666666667
   400  83            0.0416666666666667
   432  83            0.0416666666666667
   434  83           -0.0416666666666667
   109  84           -0.0416666666666667
   111  84            0.0416666666666667
   143  84            0.0416666666666667
   145  84           -0.0416666666666667
   398  84           -0.0277777777777778
   399  84            -0.111111111111111
   400  84           -0.0277777777777778
   415  84            0.0555555555555556
   416  84             0.222222222222222
   417  84            0.0555555555555556
   432  84           -0.0277777777777778
   433  84            -0.111111111111111
   434  84           -0.0277777777777778
   111  85            0.0416666666666667
   113  85           -0.0416666666666667
   128  85             0.166666666666667
   130  85            -0.166666666666667
   145  85            0.0416666666666667
   147  85           -0.0416666666666667
   400  85            0.0416666666666667
   401  85             0.166666666666667
   402  85            0.0416666666666667
   434  85           -0.0416666666666667
   435  85            -0.166666666666667
   436  85           -0.0416666666666667
   111  86           -0.0277777777777778
   112  86            0.0555555555555556
   113  86           -0.0277777777777778
   128  86            -0.111111111111111
   129  86             0.222222222222222
   130  86            -0.111111111111111
   145  86           -0.0277777777777778
   146  86            0.0555555555555556
   147  86           -0.0277777777777778
   400  86           -0.0416666666666667
   402  86            0.0416666666666667
   434  86            0.0416666666666667
   436  86           -0.0416666666666667
   111  87           -0.0416666666666667
   113  87            0.0416666666666667
   145  87            0.0416666666666667
   147  87           -0.0416666666666667
   400  87           -0.0277777777777778
   401  87            -0.111111111111111
   402  87           -0.0277777777777778
   417  87            0.0555555555555556
   418  87             0.222222222222222
   419  87            0.0555555555555556
   434  87           -0.0277777777777778
   435  87            -0.111111111111111
   436  87           -0.0277777777777778
   113  88            0.0416666666666667
   115  88           -0.0416666666666667
   130  88             0.166666666666667
   132  88            -0.166666666666667
   147  88            0.0416666666666667
   149  88           -0.0416666666666667
   402  88            0.0416666666666667
   403  88             0.166666666666667
   404  88            0.0416666666666667
   436  88           -0.0416666666666667
   437  88            -0.166666666666667
   438  88           -0.0416666666666667
   113  89           -0.0277777777777778
   114  89            0.0555555555555556
   115  89           -0.0277777777777778
   130  89            -0.111111111111111
   131  89             0.222222222222222
   132  89            -0.111111111111111
   147  89           -0.0277777777777778
   148  89            0.0555555555555556
   149  89           -0.0277777777777778
   402  89           -0.0416666666666667
   404  89            0.0416666666666667
   436  89            0.0416666666666667
   438  89           -0.0416666666666667
   113  90           -0.0416666666666667
   115  90            0.0416666666666667
   147  90            0.0416666666666667
   149  90           -0.0416666666666667
   402  90           -0.0277777777777778
   403  90            -0.111111111111111
   404  90           -0.0277777777777778
   419  90            0.0555555555555556
   420  90             0.222222222222222
   421  90            0.0555555555555556
   436  90           -0.0277777777777778
   437  90            -0.111111111111111
   438  90           -0.0277777777777778
   115  91            0.0416666666666667
   117  91           -0.0416666666666667
   132  91             0.166666666666667
   134  91            -0.166666666666667
   149  91            0.0416666666666667
   151  91           -0.0416666666666667
   404  91            0.0416666666666667
   405  91             0.166666666666667
   406  91            0.0416666666666667
   438  91           -0.0416666666666667
   439  91            -0.166666666666667
   440  91           -0.0416666666666667
   115  92           -0.0277777777777778
   116  92            0.0555555555555556
   117  92           -0.0277777777777778
   132  92            -0.111111111111111
   133  92             0.222222222222222
   134  92            -0.111111111111111
   149  92           -0.0277777777777778
   150  92            0.0555555555555556
   151  92           -0.0277777777777778
   404  92           -0.0416666666666667
   406  92            0.0416666666666667
   438  92            0.0416666666666667
   440  92           -0.0416666666666667
   115  93           -0.0416666666666667
   117  93            0.0416666666666667
   149  93            0.0416666666666667
   151  93           -0.0416666666666667
   404  93           -0.0277777777777778
   405  93            -0.111111111111111
   406  93           -0.0277777777777778
   421  93            0.0555555555555556
   422  93             0.222222222222222
   423  93            0.0555555555555556
   438  93           -0.0277777777777778
   439  93            -0.111111111111111
   440  93           -0.0277777777777778
   117  94            0.0416666666666667
   134  94             0.166666666666667
   151  94            0.0416666666666667
   406  94            0.0416666666666667
   407  94             0.166666666666667
   440  94           -0.0416666666666667
   441  94            -0.166666666666667
   117  95           -0.0277777777777778
   118  95            0.0555555555555556
   134  95            -0.111111111111111
   135  95             0.222222222222222
   151  95           -0.0277777777777778
   152  95            0.0555555555555556
   406  95           -0.0416666666666667
   440  95            0.0416666666666667
   117  96           -0.0416666666666667
   151  96            0.0416666666666667
   406  96           -0.0277777777777778
   407  96            -0.111111111111111
   423  96            0.0555555555555556
   424  96             0.222222222222222
   440  96           -0.0277777777777778
   441  96            -0.111111111111111
   139  97           -0.0416666666666667
   156  97            -0.166666666666667
   173  97           -0.0416666666666667
   427  97             0.166666666666667
   428  97            0.0416666666666667
   461  97            -0.166666666666667
   462  97           -0.0416666666666667
   138  98            0.0555555555555556
   139  98           -0.0277777777777778
   155  98             0.222222222222222
   156  98            -0.111111111111111
   172  98            0.0555555555555556
   173  98           -0.0277777777777778
   428  98            0.0416666666666667
   462  98           -0.0416666666666667
   139  99            0.0416666666666667
   173  99           -0.0416666666666667
   427  99            -0.111111111111111
   428  99           -0.0277777777777778
   444  99             0.222222222222222
   445  99            0.0555555555555556
   461  99            -0.111111111111111
   462  99           -0.0277777777777778
   139  100           0.0416666666666667
   141  100          -0.0416666666666667
   156  100            0.166666666666667
   158  100           -0.166666666666667
   173  100           0.0416666666666667
   175  100          -0.0416666666666667
   428  100           0.0416666666666667
   429  100            0.166666666666667
   430  100           0.0416666666666667
   462  100          -0.0416666666666667
   463  100           -0.166666666666667
   464  100          -0.0416666666666667
   139  101          -0.0277777777777778
   140  101           0.0555555555555556
   141  101          -0.0277777777777778
   156  101           -0.111111111111111
   157  101            0.222222222222222
   158  101           -0.111111111111111
   173  101          -0.0277777777777778
   174  101           0.0555555555555556
   175  101          -0.0277777777777778
   428  101          -0.0416666666666667
   430  101           0.0416666666666667
   462  101           0.0416666666666667
   464  101          -0.0416666666666667
   139  102          -0.0416666666666667
   141  102           0.0416666666666667
   173  102           0.0416666666666667
   175  102          -0.0416666666666667
   428  102          -0.0277777777777778
   429  102           -0.111111111111111
   430  102          -0.0277777777777778
   445  102           0.0555555555555556
   446  102            0.222222222222222
   447  102           0.0555555555555556
   462  102          -0.0277777777777778
   463  102           -0.111111111111111
   464  102          -0.0277777777777778
   141  103           0.0416666666666667
   143  103          -0.0416666666666667
   158  103            0.166666666666667
   160  103           -0.166666666666667
   175  103           0.0416666666666667
   177  103          -0.0416666666666667
   430  103           0.0416666666666667
   431  103            0.166666666666667
   432  103           0.0416666666666667
   464  103          -0.0416666666666667
   465  103           -0.166666666666667
   466  103          -0.0416666666666667
   141  104          -0.0277777777777778
   142  104           0.0555555555555556
   143  104          -0.0277777777777778
   158  104           -0.111111111111111
   159  104            0.222222222222222
   160  104           -0.111111111111111
   175  104          -0.0277777777777778
   176  104           0.0555555555555556
   177  104          -0.0277777777777778
   430  104          -0.0416666666666667
   432  104           0.0416666666666667
   464  104           0.0416666666666667
   466  104          -0.0416666666666667
   141  105          -0.0416666666666667
   143  105           0.0416666666666667
   175  105           0.0416666666666667
   177  105          -0.0416666666666667
   430  105          -0.0277777777777778
   431  105           -0.111111111111111
   432  105          -0.0277777777777778
   447  105           0.0555555555555556
   448  105            0.222222222222222
   449  105           0.0555555555555556
   464  105          -0.0277777777777778
   465  105           -0.111111111111111
   466  105          -0.0277777777777778
   143  106           0.0416666666666667
   145  106          -0.0416666666666667
   160  106            0.166666666666667
   162  106           -0.166666666666667
   177  106           0.0416666666666667
   179  106          -0.0416666666666667
   432  106           0.0416666666666667
   433  106            0.166666666666667
   434  106           0.0416666666666667
   466  106          -0.0416666666666667
   467  106           -0.166666666666667
   468  106          -0.0416666666666667
   143  107          -0.0277777777777778
   144  107           0.0555555555555556
   145  107          -0.0277777777777778
   160  107           -0.111111111111111
   161  107            0.222222222222222
   162  107           -0.111111111111111
   177  107          -0.0277777777777778
   178  107           0.0555555555555556
   179  107          -0.0277777777777778
   432  107          -0.0416666666666667
   434  107           0.0416666666666667
   466  107           0.0416666666666667
   468  107          -0.0416666666666667
   143  108          -0.0416666666666667
   145  108           0.0416666666666667
   177  108           0.0416666666666667
   179  108          -0.0416666666666667
   432  108          -0.0277777777777778
   433  108           -0.111111111111111
   434  108          -0.0277777777777778
   449  108           0.0555555555555556
   450  108            0.222222222222222
   451  108           0.0555555555555556
   466  108          -0.0277777777777778
   467  108           -0.111111111111111
   468  108          -0.0277777777777778
   145  109           0.0416666666666667
   147  109          -0.0416666666666667
   162  109            0.166666666666667
   164  109           -0.166666666666667
   179  109           0.0416666666666667
   181  109          -0.0416666666666667
   434  109           0.0416666666666667
   435  109            0.166666666666667
   436  109           0.0416666666666667
   468  109          -0.0416666666666667
   469  109           -0.166666666666667
   470  109          -0.0416666666666667
   145  110          -0.0277777777777778
   146  110           0.0555555555555556
   147  110          -0.0277777777777778
   162  110           -0.111111111111111
   163  110            0.222222222222222
   164  110           -0.111111111111111
   179  110          -0.0277777777777778
   180  110           0.0555555555555556
   181  110          -0.0277777777777778
   434  110          -0.0416666666666667
   436  110           0.0416666666666667
   468  110           0.0416666666666667
   470  110          -0.0416666666666667
   145  111          -0.0416666666666667
   147  111           0.0416666666666667
   179  111           0.0416666666666667
   181  111          -0.0416666666666667
   434  111          -0.0277777777777778
   435  111           -0.111111111111111
   436  111          -0.0277777777777778
   451  111           0.0555555555555556
   452  111            0.222222222222222
   453  111           0.0555555555555556
   468  111          -0.0277777777777778
   469  111           -0.111111111111111
   470  111          -0.0277777777777778
   147  112           0.0416666666666667
   149  112          -0.0416666666666667
   164  112            0.166666666666667
   166  112           -0.166666666666667
   181  112           0.0416666666666667
   183  112          -0.0416666666666667
   436  112           0.0416666666666667
   437  112            0.166666666666667
   438  112           0.0416666666666667
   470  112          -0.0416666666666667
   471  112           -0.166666666666667
   472  112          -0.0416666666666667
   147  113          -0.0277777777777778
   148  113           0.0555555555555556
   149  113          -0.0277777777777778
   164  113           -0.111111111111111
   165  113            0.222222222222222
   166  113           -0.111111111111111
   181  113          -0.0277777777777778
   182  113           0.0555555555555556
   183  113          -0.0277777777777778
   436  113          -0.0416666666666667
   438  113           0.0416666666666667
   470  113           0.0416666666666667
   472  113          -0.0416666666666667
   147  114          -0.0416666666666667
   149  114           0.0416666666666667
   181  114           0.0416666666666667
   183  114          -0.0416666666666667
   436  114          -0.0277777777777778
   437  114           -0.111111111111111
   438  114          -0.0277777777777778
   453  114           0.0555555555555556
   454  114            0.222222222222222
   455  114           0.0555555555555556
   470  114          -0.0277777777777778
   471  114           -0.111111111111111
   472  114          -0.0277777777777778
   149  115           0.0416666666666667
   151  115          -0.0416666666666667
   166  115            0.166666666666667
   168  115           -0.166666666666667
   183  115           0.0416666666666667
   185  115          -0.0416666666666667
   438  115           0.0416666666666667
   439  115            0.166666666666667
   440  115           0.0416666666666667
   472  115          -0.0416666666666667
   473  115           -0.166666666666667
   474  115          -0.0416666666666667
   149  116          -0.0277777777777778
   150  116           0.0555555555555556
   151  116          -0.0277777777777778
   166  116           -0.111111111111111
   167  116            0.222222222222222
   168  116           -0.111111111111111
   183  116          -0.0277777777777778
   184  116           0.0555555555555556
   185  116          -0.0277777777777778
   438  116          -0.0416666666666667
   440  116           0.0416666666666667
   472  116           0.0416666666666667
   474  116          -0.0416666666666667
   149  117          -0.0416666666666667
   151  117           0.0416666666666667
   183  117           0.0416666666666667
   185  117          -0.0416666666666667
   438  117          -0.0277777777777778
   439  117           -0.111111111111111
   440  117          -0.0277777777777778
   455  117           0.0555555555555556
   456  117            0.222222222222222
   457  117           0.0555555555555556
   472  117          -0.0277777777777778
   473  117           -0.111111111111111
   474  117          -0.0277777777777778
   151  118           0.0416666666666667
   168  118            0.166666666666667
   185  118           0.0416666666666667
   440  118           0.0416666666666667
   441  118            0.166666666666667
   474  118          -0.0416666666666667
   475  118           -0.166666666666667
   151  119          -0.0277777777777778
   152  119           0.0555555555555556
   168  119           -0.111111111111111
   169  119            0.222222222222222
   185  119          -0.0277777777777778
   186  119           0.0555555555555556
   440  119          -0.0416666666666667
   474  119           0.0416666666666667
   151  120          -0.0416666666666667
   185  120           0.0416666666666667
   440  120          -0.0277777777777778
   441  120           -0.111111111111111
   457  120           0.0555555555555556
   458  120            0.222222222222222
   474  120          -0.0277777777777778
   475  120           -0.111111111111111
   173  121          -0.0416666666666667
   190  121           -0.166666666666667
   207  121          -0.0416666666666667
   461  121            0.166666666666667
   462  121           0.0416666666666667
   495  121           -0.166666666666667
   496  121          -0.0416666666666667
   172  122           0.0555555555555556
   173  122          -0.0277777777777778
   189  122            0.222222222222222
   190  122           -0.111111111111111
   206  122           0.0555555555555556
   207  122          -0.0277777777777778
   462  122           0.0416666666666667
   496  122          -0.0416666666666667
   173  123           0.0416666666666667
   207  123          -0.0416666666666667
   461  123           -0.111111111111111
   462  123          -0.0277777777777778
   478  123            0.222222222222222
   479  123           0.0555555555555556
   495  123           -0.111111111111111
   496  123          -0.0277777777777778
   173  124           0.0416666666666667
   175  124          -0.0416666666666667
   190  124            0.166666666666667
   192  124           -0.166666666666667
   207  124           0.0416666666666667
   209  124          -0.0416666666666667
   462  124           0.0416666666666667
   463  124            0.166666666666667
   464  124           0.0416666666666667
   496  124          -0.0416666666666667
   497  124           -0.166666666666667
   498  124          -0.0416666666666667
   173  125          -0.0277777777777778
   174  125           0.0555555555555556
   175  125          -0.0277777777777778
   190  125           -0.111111111111111
   191  125            0.222222222222222
   192  125           -0.111111111111111
   207  125          -0.0277777777777778
   208  125           0.0555555555555556
   209  125          -0.0277777777777778
   462  125          -0.0416666666666667
   464  125           0.0416666666666667
   496  125           0.0416666666666667
   498  125          -0.0416666666666667
   173  126          -0.0416666666666667
   175  126           0.0416666666666667
   207  126           0.0416666666666667
   209  126          -0.0416666666666667
   462  126          -0.0277777777777778
   463  126           -0.111111111111111
   464  126          -0.0277777777777778
   479  126           0.0555555555555556
   480  126            0.222222222222222
   481  126           0.0555555555555556
   496  126          -0.0277777777777778
   497  126           -0.111111111111111
   498  126          -0.0277777777777778
   175  127           0.0416666666666667
   177  127          -0.0416666666666667
   192  127            0.166666666666667
   194  127           -0.166666666666667
   209  127           0.0416666666666667
   211  127          -0.0416666666666667
   464  127           0.0416666666666667
   465  127            0.166666666666667
   466  127           0.0416666666666667
   498  127          -0.0416666666666667
   499  127           -0.166666666666667
   500  127          -0.0416666666666667
   175  128          -0.0277777777777778
   176  128           0.0555555555555556
   177  128          -0.0277777777777778
   192  128           -0.111111111111111
   193  128            0.222222222222222
   194  128           -0.111111111111111
   209  128          -0.0277777777777778
   210  128           0.0555555555555556
   211  128          -0.0277777777777778
   464  128          -0.0416666666666667
   466  128           0.0416666666666667
   498  128           0.0416666666666667
   500  128          -0.0416666666666667
   175  129          -0.0416666666666667
   177  129           0.0416666666666667
   209  129           0.0416666666666667
   211  129          -0.0416666666666667
   464  129          -0.0277777777777778
   465  129           -0.111111111111111
   466  129          -0.0277777777777778
   481  129           0.0555555555555556
   482  129            0.222222222222222
   483  129           0.0555555555555556
   498  129          -0.0277777777777778
   499  129           -0.111111111111111
   500  129          -0.0277777777777778
   177  130           0.0416666666666667
   179  130          -0.0416666666666667
   194  130            0.166666666666667
   196  130           -0.166666666666667
   211  130           0.0416666666666667
   213  130          -0.0416666666666667
   466  130           0.0416666666666667
   467  130            0.166666666666667
   468  130           0.0416666666666667
   500  130          -0.0416666666666667
   501  130           -0.166666666666667
   502  130          -0.0416666666666667
   177  131          -0.0277777777777778
   178  131           0.0555555555555556
   179  131          -0.0277777777777778
   194  131           -0.111111111111111
   195  131            0.222222222222222
   196  131           -0.111111111111111
   211  131          -0.0277777777777778
   212  131           0.0555555555555556
   213  131          -0.0277777777777778
   466  131          -0.0416666666666667
   468  131           0.0416666666666667
   500  131           0.0416666666666667
   502  131          -0.0416666666666667
   177  132          -0.0416666666666667
   179  132           0.0416666666666667
   211  132           0.0416666666666667
   213  132          -0.0416666666666667
   466  132          -0.0277777777777778
   467  132           -0.111111111111111
   468  132          -0.0277777777777778
   483  132           0.0555555555555556
   484  132            0.222222222222222
   485  132           0.0555555555555556
   500  132          -0.0277777777777778
   501  132           -0.111111111111111
   502  132          -0.0277777777777778
   179  133           0.0416666666666667
   181  133          -0.0416666666666667
   196  133            0.166666666666667
   198  133           -0.166666666666667
   213  133           0.0416666666666667
   215  133          -0.0416666666666667
   468  133           0.0416666666666667
   469  133            0.166666666666667
   470  133           0.0416666666666667
   502  133          -0.0416666666666667
   503  133           -0.166666666666667
   504  133          -0.0416666666666667
   179  134          -0.0277777777777778
   180  134           0.0555555555555556
   181  134          -0.0277777777777778
   196  134           -0.111111111111111
   197  134            0.222222222222222
   198  134           -0.111111111111111
   213  134          -0.0277777777777778
   214  134           0.0555555555555556
   215  134          -0.0277777777777778
   468  134          -0.0416666666666667
   470  134           0.0416666666666667
   502  134           0.0416666666666667
   504  134          -0.0416666666666667
   179  135          -0.0416666666666667
   181  135           0.0416666666666667
   213  135           0.0416666666666667
   215  135          -0.0416666666666667
   468  135          -0.0277777777777778
   469  135           -0.111111111111111
   470  135          -0.0277777777777778
   485  135           0.0555555555555556
   486  135            0.222222222222222
   487  135           0.0555555555555556
   502  135          -0.0277777777777778
   503  135           -0.111111111111111
   504  135          -0.0277777777777778
   181  136           0.0416666666666667
   183  136          -0.0416666666666667
   198  136            0.166666666666667
   200  136           -0.166666666666667
   215  136           0.0416666666666667
   217  136          -0.0416666666666667
   470  136           0.0416666666666667
   471  136            0.166666666666667
   472  136           0.0416666666666667
   504  136          -0.0416666666666667
   505  136           -0.166666666666667
   506  136          -0.0416666666666667
   181  137          -0.0277777777777778
   182  137           0.0555555555555556
   183  137          -0.0277777777777778
   198  137           -0.111111111111111
   199  137            0.222222222222222
   200  137           -0.111111111111111
   215  137          -0.0277777777777778
   216  137           0.0555555555555556
   217  137          -0.0277777777777778
   470  137          -0.0416666666666667
   472  137           0.0416666666666667
   504  137           0.0416666666666667
   506  137          -0.0416666666666667
   181  138          -0.0416666666666667
   183  138           0.0416666666666667
   215  138           0.0416666666666667
   217  138          -0.0416666666666667
   470  138          -0.0277777777777778
   471  138           -0.111111111111111
   472  138          -0.0277777777777778
   487  138           0.0555555555555556
   488  138            0.222222222222222
   489  138           0.0555555555555556
   504  138          -0.0277777777777778
   505  138           -0.111111111111111
   506  138          -0.0277777777777778
   183  139           0.0416666666666667
   185  139          -0.0416666666666667
   200  139            0.166666666666667
   202  139           -0.166666666666667
   217  139           0.0416666666666667
   219  139          -0.0416666666666667
   472  139           0.0416666666666667
   473  139            0.166666666666667
   474  139           0.0416666666666667
   506  139          -0.0416666666666667
   507  139           -0.166666666666667
   508  139          -0.0416666666666667
   183  140          -0.0277777777777778
   184  140           0.0555555555555556
   185  140          -0.0277777777777778
   200  140           -0.111111111111111
   201  140            0.222222222222222
   202  140           -0.111111111111111
   217  140          -0.0277777777777778
   218  140           0.0555555555555556
   219  140          -0.0277777777777778
   472  140          -0.0416666666666667
   474  140           0.0416666666666667
   506  140           0.0416666666666667
   508  140          -0.0416666666666667
   183  141          -0.0416666666666667
   185  141           0.0416666666666667
   217  141           0.0416666666666667
   219  141          -0.0416666666666667
   472  141          -0.0277777777777778
   473  141           -0.111111111111111
   474  141          -0.0277777777777778
   489  141           0.0555555555555556
   490  141            0.222222222222222
   491  141           0.0555555555555556
   506  141          -0.0277777777777778
   507  141           -0.111111111111111
   508  141          -0.0277777777777778
   185  142           0.0416666666666667
   202  142            0.166666666666667
   219  142           0.0416666666666667
   474  142           0.0416666666666667
   475  142            0.166666666666667
   508  142          -0.0416666666666667
   509  142           -0.166666666666667
   185  143          -0.0277777777777778
   186  143           0.0555555555555556
   202  143           -0.111111111111111
   203  143            0.222222222222222
   219  143          -0.0277777777777778
   220  143           0.0555555555555556
   474  143          -0.0416666666666667
   508  143           0.0416666666666667
   185  144          -0.0416666666666667
   219  144           0.0416666666666667
   474  144          -0.0277777777777778
   475  144           -0.111111111111111
   491  144           0.0555555555555556
   492  144            0.222222222222222
   508  144          -0.0277777777777778
   509  144           -0.111111111111111
   207  145          -0.0416666666666667
   224  145           -0.166666666666667
   241  145          -0.0416666666666667
   495  145            0.166666666666667
   496  145           0.0416666666666667
   529  145           -0.166666666666667
   530  145          -0.0416666666666667
   206  146           0.0555555555555556
   207  146          -0.0277777777777778
   223  146            0.222222222222222
   224  146           -0.111111111111111
   240  146           0.0555555555555556
   241  146          -0.0277777777777778
   496  146           0.0416666666666667
   530  146          -0.0416666666666667
   207  147           0.0416666666666667
   241  147          -0.0416666666666667
   495  147           -0.111111111111111
   496  147          -0.0277777777777778
   512  147            0.222222222222222
   513  147           0.0555555555555556
   529  147           -0.111111111111111
   530  147          -0.0277777777777778
   207  148           0.0416666666666667
   209  148          -0.0416666666666667
   224  148            0.166666666666667
   226  148           -0.166666666666667
   241  148           0.0416666666666667
   243  148          -0.0416666666666667
   496  148           0.0416666666666667
   497  148            0.166666666666667
   498  148           0.0416666666666667
   530  148          -0.0416666666666667
   531  148           -0.166666666666667
   532  148          -0.0416666666666667
   207  149          -0.0277777777777778
   208  149           0.0555555555555556
   209  149          -0.0277777777777778
   224  149           -0.111111111111111
   225  149            0.222222222222222
   226  149           -0.111111111111111
   241  149          -0.0277777777777778
   242  149           0.0555555555555556
   243  149          -0.0277777777777778
   496  149          -0.0416666666666667
   498  149           0.0416666666666667
   530  149           0.0416666666666667
   532  149          -0.0416666666666667
   207  150          -0.0416666666666667
   209  150           0.0416666666666667
   241  150           0.0416666666666667
   243  150          -0.0416666666666667
   496  150          -0.0277777777777778
   497  150           -0.111111111111111
   498  150          -0.0277777777777778
   513  150           0.0555555555555556
   514  150            0.222222222222222
   515  150           0.0555555555555556
   530  150          -0.0277777777777778
   531  150           -0.111111111111111
   532  150          -0.0277777777777778
   209  151           0.0416666666666667
   211  151          -0.0416666666666667
   226  151            0.166666666666667
   228  151           -0.166666666666667
   243  151           0.0416666666666667
   245  151          -0.0416666666666667
   498  151           0.0416666666666667
   499  151            0.166666666666667
   500  151           0.0416666666666667
   532  151          -0.0416666666666667
   533  151           -0.166666666666667
   534  151          -0.0416666666666667
   209  152          -0.0277777777777778
   210  152           0.0555555555555556
   211  152          -0.0277777777777778
   226  152           -0.111111111111111
   227  152            0.222222222222222
   228  152           -0.111111111111111
   243  152          -0.0277777777777778
   244  152           0.0555555555555556
   245  152          -0.0277777777777778
   498  152          -0.0416666666666667
   500  152           0.0416666666666667
   532  152           0.0416666666666667
   534  152          -0.0416666666666667
   209  153          -0.0416666666666667
   211  153           0.0416666666666667
   243  153           0.0416666666666667
   245  153          -0.0416666666666667
   498  153          -0.0277777777777778
   499  153           -0.111111111111111
   500  153          -0.0277777777777778
   515  153           0.0555555555555556
   516  153            0.222222222222222
   517  153           0.0555555555555556
   532  153          -0.0277777777777778
   533  153           -0.111111111111111
   534  153          -0.0277777777777778
   211  154           0.0416666666666667
   213  154          -0.0416666666666667
   228  154            0.166666666666667
   230  154           -0.166666666666667
   245  154           0.0416666666666667
   247  154          -0.0416666666666667
   500  154           0.0416666666666667
   501  154            0.166666666666667
   502  154           0.0416666666666667
   534  154          -0.0416666666666667
   535  154           -0.166666666666667
   536  154          -0.0416666666666667
   211  155          -0.0277777777777778
   212  155           0.0555555555555556
   213  155          -0.0277777777777778
   228  155           -0.111111111111111
   229  155            0.222222222222222
   230  155           -0.111111111111111
   245  155          -0.0277777777777778
   246  155           0.0555555555555556
   247  155          -0.0277777777777778
   500  155          -0.0416666666666667
   502  155           0.0416666666666667
   534  155           0.0416666666666667
   536  155          -0.0416666666666667
   211  156          -0.0416666666666667
   213  156           0.0416666666666667
   245  156           0.0416666666666667
   247  156          -0.0416666666666667
   500  156          -0.0277777777777778
   501  156           -0.111111111111111
   502  156          -0.0277777777777778
   517  156           0.0555555555555556
   518  156            0.222222222222222
   519  156           0.0555555555555556
   534  156          -0.0277777777777778
   535  156           -0.111111111111111
   536  156          -0.0277777777777778
   213  157           0.0416666666666667
   215  157          -0.0416666666666667
   230  157            0.166666666666667
   232  157           -0.166666666666667
   247  157           0.0416666666666667
   249  157          -0.0416666666666667
   502  157           0.0416666666666667
   503  157            0.166666666666667
   504  157           0.0416666666666667
   536  157          -0.0416666666666667
   537  157           -0.166666666666667
   538  157          -0.0416666666666667
   213  158          -0.0277777777777778
   214  158           0.0555555555555556
   215  158          -0.0277777777777778
   230  158           -0.111111111111111
   231  158            0.222222222222222
   232  158           -0.111111111111111
   247  158          -0.0277777777777778
   248  158           0.0555555555555556
   249  158          -0.0277777777777778
   502  158          -0.0416666666666667
   504  158           0.0416666666666667
   536  158           0.0416666666666667
   538  158          -0.0416666666666667
   213  159          -0.0416666666666667
   215  159           0.0416666666666667
   247  159           0.0416666666666667
   249  159          -0.0416666666666667
   502  159          -0.0277777777777778
   503  159           -0.111111111111111
   504  159          -0.0277777777777778
   519  159           0.0555555555555556
   520  159            0.222222222222222
   521  159           0.0555555555555556
   536  159          -0.0277777777777778
   537  159           -0.111111111111111
   538  159          -0.0277777777777778
   215  160           0.0416666666666667
   217  160          -0.0416666666666667
   232  160            0.166666666666667
   234  160           -0.166666666666667
   249  160           0.0416666666666667
   251  160          -0.0416666666666667
   504  160           0.0416666666666667
   505  160            0.166666666666667
   506  160           0.0416666666666667
   538  160          -0.0416666666666667
   539  160           -0.166666666666667
   540  160          -0.0416666666666667
   215  161          -0.0277777777777778
   216  161           0.0555555555555556
   217  161          -0.0277777777777778
   232  161           -0.111111111111111
   233  161            0.222222222222222
   234  161           -0.111111111111111
   249  161          -0.0277777777777778
   250  161           0.0555555555555556
   251  161          -0.0277777777777778
   504  161          -0.0416666666666667
   506  161           0.0416666666666667
   538  161           0.0416666666666667
   540  161          -0.0416666666666667
   215  162          -0.0416666666666667
   217  162           0.0416666666666667
   249  162           0.0416666666666667
   251  162          -0.0416666666666667
   504  162          -0.0277777777777778
   505  162           -0.111111111111111
   506  162          -0.0277777777777778
   521  162           0.0555555555555556
   522  162            0.222222222222222
   523  162           0.0555555555555556
   538  162          -0.0277777777777778
   539  162           -0.111111111111111
   540  162          -0.0277777777777778
   217  163           0.0416666666666667
   219  163          -0.0416666666666667
   234  163            0.166666666666667
   236  163           -0.166666666666667
   251  163           0.0416666666666667
   253  163          -0.0416666666666667
   506  163           0.0416666666666667
   507  163            0.166666666666667
   508  163           0.0416666666666667
   540  163          -0.0416666666666667
   541  163           -0.166666666666667
   542  163          -0.0416666666666667
   217  164          -0.0277777777777778
   218  164           0.0555555555555556
   219  164          -0.0277777777777778
   234  164           -0.111111111111111
   235  164            0.222222222222222
   236  164           -0.111111111111111
   251  164          -0.0277777777777778
   252  164           0.0555555555555556
   253  164          -0.0277777777777778
   506  164          -0.0416666666666667
   508  164           0.0416666666666667
   540  164           0.0416666666666667
   542  164          -0.0416666666666667
   217  165          -0.0416666666666667
   219  165           0.0416666666666667
   251  165           0.0416666666666667
   253  165          -0.0416666666666667
   506  165          -0.0277777777777778
   507  165           -0.111111111111111
   508  165          -0.0277777777777778
   523  165           0.0555555555555556
   524  165            0.222222222222222
   525  165           0.0555555555555556
   540  165          -0.0277777777777778
   541  165           -0.111111111111111
   542  165          -0.0277777777777778
   219  166           0.0416666666666667
   236  166            0.166666666666667
   253  166           0.0416666666666667
   508  166           0.0416666666666667
   509  166            0.166666666666667
   542  166          -0.0416666666666667
   543  166           -0.166666666666667
   219  167          -0.0277777777777778
   220  167           0.0555555555555556
   236  167           -0.111111111111111
   237  167            0.222222222222222
   253  167          -0.0277777777777778
   254  167           0.0555555555555556
   508  167          -0.0416666666666667
   542  167           0.0416666666666667
   219  168          -0.0416666666666667
   253  168           0.0416666666666667
   508  168          -0.0277777777777778
   509  168           -0.111111111111111
   525  168           0.0555555555555556
   526  168            0.222222222222222
   542  168          -0.0277777777777778
   543  168           -0.111111111111111
   241  169          -0.0416666666666667
   258  169           -0.166666666666667
   529  169            0.166666666666667
   530  169           0.0416666666666667
   240  170           0.0555555555555556
   241  170          -0.0277777777777778
   257  170            0.222222222222222
   258  170           -0.111111111111111
   530  170           0.0416666666666667
   241  171           0.0416666666666667
   529  171           -0.111111111111111
   530  171          -0.0277777777777778
   546  171            0.222222222222222
   547  171           0.0555555555555556
   241  172           0.0416666666666667
   243  172          -0.0416666666666667
   258  172            0.166666666666667
   260  172           -0.166666666666667
   530  172           0.0416666666666667
   531  172            0.166666666666667
   532  172           0.0416666666666667
   241  173          -0.0277777777777778
   242  173           0.0555555555555556
   243  173          -0.0277777777777778
   258  173           -0.111111111111111
   259  173            0.222222222222222
   260  173           -0.111111111111111
   530  173          -0.0416666666666667
   532  173           0.0416666666666667
   241  174          -0.0416666666666667
   243  174           0.0416666666666667
   530  174          -0.0277777777777778
   531  174           -0.111111111111111
   532  174          -0.0277777777777778
   547  174           0.0555555555555556
   548  174            0.222222222222222
   549  174           0.0555555555555556
   243  175           0.0416666666666667
   245  175          -0.0416666666666667
   260  175            0.166666666666667
   262  175           -0.166666666666667
   532  175           0.0416666666666667
   533  175            0.166666666666667
   534  175           0.0416666666666667
   243  176          -0.0277777777777778
   244  176           0.0555555555555556
   245  176          -0.0277777777777778
   260  176           -0.111111111111111
   261  176            0.222222222222222
   262  176           -0.111111111111111
   532  176          -0.0416666666666667
   534  176           0.0416666666666667
   243  177          -0.0416666666666667
   245  177           0.0416666666666667
   532  177          -0.0277777777777778
   533  177           -0.111111111111111
   534  177          -0.0277777777777778
   549  177           0.0555555555555556
   550  177            0.222222222222222
   551  177           0.0555555555555556
   245  178           0.0416666666666667
   247  178          -0.0416666666666667
   262  178            0.166666666666667
   264  178           -0.166666666666667
   534  178           0.0416666666666667
   535  178            0.166666666666667
   536  178           0.0416666666666667
   245  179          -0.0277777777777778
   246  179           0.0555555555555556
   247  179          -0.0277777777777778
   262  179           -0.111111111111111
   263  179            0.222222222222222
   264  179           -0.111111111111111
   534  179          -0.0416666666666667
   536  179           0.0416666666666667
   245  180          -0.0416666666666667
   247  180           0.0416666666666667
   534  180          -0.0277777777777778
   535  180           -0.111111111111111
   536  180          -0.0277777777777778
   551  180           0.0555555555555556
   552  180            0.222222222222222
   553  180           0.0555555555555556
   247  181           0.0416666666666667
   249  181          -0.0416666666666667
   264  181            0.166666666666667
   266  181           -0.166666666666667
   536  181           0.0416666666666667
   537  181            0.166666666666667
   538  181           0.0416666666666667
   247  182          -0.0277777777777778
   248  182           0.0555555555555556
   249  182          -0.0277777777777778
   264  182           -0.111111111111111
   265  182            0.222222222222222
   266  182           -0.111111111111111
   536  182          -0.0416666666666667
   538  182           0.0416666666666667
   247  183          -0.0416666666666667
   249  183           0.0416666666666667
   536  183          -0.0277777777777778
   537  183           -0.111111111111111
   538  183          -0.0277777777777778
   553  183           0.0555555555555556
   554  183            0.222222222222222
   555  183           0.0555555555555556
   249  184           0.0416666666666667
   251  184          -0.0416666666666667
   266  184            0.166666666666667
   268  184           -0.166666666666667
   538  184           0.0416666666666667
   539  184            0.166666666666667
   540  184           0.0416666666666667
   249  185          -0.0277777777777778
   250  185           0.0555555555555556
   251  185          -0.0277777777777778
   266  185           -0.111111111111111
   267  185            0.222222222222222
   268  185           -0.111111111111111
   538  185          -0.0416666666666667
   540  185           0.0416666666666667
   249  186          -0.0416666666666667
   251  186           0.0416666666666667
   538  186          -0.0277777777777778
   539  186           -0.111111111111111
   540  186          -0.0277777777777778
   555  186           0.0555555555555556
   556  186            0.222222222222222
   557  186           0.0555555555555556
   251  187           0.0416666666666667
   253  187          -0.0416666666666667
   268  187            0.166666666666667
   270  187           -0.166666666666667
   540  187           0.0416666666666667
   541  187            0.166666666666667
   542  187           0.0416666666666667
   251  188          -0.0277777777777778
   252  188           0.0555555555555556
   253  188          -0.0277777777777778
   268  188           -0.111111111111111
   269  188            0.222222222222222
   270  188           -0.111111111111111
   540  188          -0.0416666666666667
   542  188           0.0416666666666667
   251  189          -0.0416666666666667
   253  189           0.0416666666666667
   540  189          -0.0277777777777778
   541  189           -0.111111111111111
   542  189          -0.0277777777777778
   557  189           0.0555555555555556
   558  189            0.222222222222222
   559  189           0.0555555555555556
   253  190           0.0416666666666667
   270  190            0.166666666666667
   542  190           0.0416666666666667
   543  190            0.166666666666667
   253  191          -0.0277777777777778
   254  191           0.0555555555555556
   270  191           -0.111111111111111
   271  191            0.222222222222222
   542  191          -0.0416666666666667
   253  192          -0.0416666666666667
   542  192          -0.0277777777777778
   543  192           -0.111111111111111
   559  192           0.0555555555555556
   560  192            0.222222222222222