   1   1         0.63950400483964
   4   1        -0.30982910991377
  25   1        -0.33066688524659
   2   2         0.96000000000000
   3   3         0.96000000000000
   1   4        -0.33017089008623
   4   4         0.96024965147618
   7   4        -0.28004930780476
  28   4        -0.34953015063283
   5   5         0.96000000000000
   6   6         0.96000000000000
   4   7        -0.35995069219524
   7   7         0.96071305239845
  10   7        -0.24987988791904
  31   7        -0.34945636748727
   8   8         0.96000000000000
   9   9         0.96000000000000
   7   10       -0.39012011208096
  10   10        0.96037598199677
  13   10       -0.23637086539633
  34   10       -0.33313304052594
  11   11        0.96000000000000
  12   12        0.96000000000000
  10   13       -0.40362913460367
  13   13        0.95955679305771
  16   13       -0.25069620612334
  37   13       -0.30611786621528
  14   14        0.96000000000000
  15   15        0.96000000000000
  13   16       -0.38930379387666
  16   16        0.95908925168292
  19   16       -0.28601791381675
  40   16       -0.28558904062367
  17   17        0.96000000000000
  18   18        0.96000000000000
  16   19       -0.35398208618325
  19   19        0.95981885491287
  22   19       -0.31524235760463
  43   19       -0.29095670129925
  20   20        0.96000000000000
  21   21        0.96000000000000
  19   22       -0.32475764239537
  22   22        0.63981570417040
  46   22       -0.31542665343423
  23   23        0.96000000000000
  24   24        0.96000000000000
   1   25       -0.30933311475341
  25   25        0.95741001890855
  28   25       -0.28253656754947
  49   25       -0.37072029878857
  26   26        0.96000000000000
  27   27        0.96000000000000
   4   28       -0.29046984936717
  25   28       -0.35746343245053
  28   28        1.27868238101351
  31   28       -0.20805301892012
  52   28       -0.42533131824867
  29   29        0.96000000000000
  30   30        0.96000000000000
   7   31       -0.29054363251273
  28   31       -0.43194698107988
  31   31        1.27890984615907
  34   31       -0.13749505487371
  55   31       -0.42110448537461
  32   32        0.96000000000000
  33   33        0.96000000000000
  10   34       -0.30686695947406
  31   34       -0.50250494512629
  34   34        1.27884386085042
  37   34       -0.10391804060653
  58   34       -0.36786619394271
  35   35        0.96000000000000
  36   36        0.96000000000000
  13   37       -0.33388213378472
  34   37       -0.53608195939347
  37   37        1.27975251186505
  40   37       -0.13040063714758
  61   37       -0.27988275780918
  38   38        0.96000000000000
  39   39        0.96000000000000
  16   40       -0.35441095937633
  37   40       -0.50959936285242
  40   40        1.28156264998545
  43   40       -0.20935437952474
  64   40       -0.20507264826105
  41   41        0.96000000000000
  42   42        0.96000000000000
  19   43       -0.34904329870075
  40   43       -0.43064562047526
  43   43        1.28235069310097
  46   43       -0.29040169568228
  67   43       -0.20755869204073
  44   44        0.96000000000000
  45   45        0.96000000000000
  22   46       -0.32457334656577
  43   46       -0.34959830431772
  46   46        0.96015294373170
  70   46       -0.28567540538481
  47   47        0.96000000000000
  48   48        0.96000000000000
  25   49       -0.26927970121143
  49   49        0.95569037923087
  52   49       -0.26321187680980
  73   49       -0.43181804274790
  50   50        0.96000000000000
  51   51        0.96000000000000
  28   52       -0.21466868175133
  49   52       -0.37678812319020
  52   52        1.27832669460993
  55   52       -0.15624762642089
  76   52       -0.53396887402765
  53   53        0.96000000000000
  54   54        0.96000000000000
  31   55       -0.21889551462539
  52   55       -0.48375237357911
  55   55        1.27869369455627
  58   55       -0.05169837078642
  79   55       -0.52696004645280
  56   56        0.96000000000000
  57   57        0.96000000000000
  34   58       -0.27213380605729
  55   58       -0.58830162921358
  58   58        1.27811364235689
  61   58        0.01492871854872
  82   58       -0.43637964092095
  59   59        0.96000000000000
  60   60        0.96000000000000
  37   61       -0.36011724219082
  58   61       -0.65492871854872
  61   61        1.27881824793298
  64   61        0.00537799224191
  85   61       -0.27151378356939
  62   62        0.96000000000000
  63   63        0.96000000000000
  40   64       -0.43492735173895
  61   64       -0.64537799224191
  64   64        1.28190190933400
  67   64       -0.10223329888623
  88   64       -0.09555944779890
  65   65        0.96000000000000
  66   66        0.96000000000000
  43   67       -0.43244130795927
  64   67       -0.53776670111377
  67   67        1.28517314674122
  70   67       -0.25195180653646
  91   67       -0.05266703764928
  68   68        0.96000000000000
  69   69        0.96000000000000
  46   70       -0.35432459461519
  67   70       -0.38804819346354
  70   70        0.96195241910217
  94   70       -0.21567479281910
  71   71        0.96000000000000
  72   72        0.96000000000000
  49   73       -0.20818195725210
  73   73        0.95587817349400
  76   73       -0.25863649478521
  97   73       -0.49730337446869
  74   74        0.96000000000000
  75   75        0.96000000000000
  52   76       -0.10603112597235
  73   76       -0.38136350521479
  76   76        1.27916265568919
  79   76       -0.14105209056420
 100   76       -0.65239062255947
  77   77        0.96000000000000
  78   78        0.96000000000000
  55   79       -0.11303995354720
  76   79       -0.49894790943580
  79   79        1.28020289292139
  82   79       -0.01781981935054
 103   79       -0.64998942474507
  80   80        0.96000000000000
  81   81        0.96000000000000
  58   82       -0.20362035907905
  79   82       -0.62218018064946
  82   82        1.27935165265117
  85   82        0.08539589380928
 106   82       -0.54024370142960
  83   83        0.96000000000000
  84   84        0.96000000000000
  61   85       -0.36848621643061
  82   85       -0.72539589380928
  85   85        1.27772173282314
  88   85        0.12742627333050
 109   85       -0.31582243026748
  86   86        0.96000000000000
  87   87        0.96000000000000
  64   88       -0.54444055220110
  85   88       -0.76742627333050
  88   88        1.27905062765452
  91   88        0.03756807054829
 112   88       -0.00665061736217
  89   89        0.96000000000000
  90   90        0.96000000000000
  67   91       -0.58733296235072
  88   91       -0.67756807054829
  91   91        1.28715853052412
  94   91       -0.18552544327709
 115   91        0.17758500670021
  92   92        0.96000000000000
  93   93        0.96000000000000
  70   94       -0.42432520718090
  91   94       -0.45447455672291
  94   94        0.96751542606851
 118   94       -0.07368481002767
  95   95        0.96000000000000
  96   96        0.96000000000000
  73   97       -0.14269662553131
  97   97        0.95755332473927
 100   97       -0.27047619580604
 121   97       -0.54927385392339
  98   98        0.96000000000000
  99   99        0.96000000000000
  76   100       0.01239062255947
  97   100      -0.36952380419396
 100   100       1.27996946888519
 103   100      -0.17564376025431
 124   100      -0.74725358922601
 101   101       0.96000000000000
 102   102       0.96000000000000
  79   103       0.00998942474507
 100   103      -0.46435623974569
 103   103       1.28166523633549
 106   103      -0.07770394865953
 127   103      -0.74626400000436
 104   104       0.96000000000000
 105   105       0.96000000000000
  82   106      -0.09975629857040
 103   106      -0.56229605134047
 106   106       1.28199800537814
 109   106       0.01844769010242
 130   106      -0.63439733481340
 107   107       0.96000000000000
 108   108       0.96000000000000
  85   109      -0.32417756973252
 106   109      -0.65844769010242
 109   109       1.27958521459316
 112   109       0.10364945787092
 133   109      -0.40143898344282
 110   110       0.96000000000000
 111   111       0.96000000000000
  88   112      -0.63334938263783
 109   112      -0.74364945787092
 112   112       1.27565227642814
 115   112       0.10903044753067
 136   112      -0.01637933059377
 113   113       0.96000000000000
 114   114       0.96000000000000
  91   115      -0.81758500670021
 112   115      -0.74903044753067
 115   115       1.28244026030297
 118   115      -0.10378608983384
 139   115       0.39284180436768
 116   116       0.96000000000000
 117   117       0.96000000000000
  94   118      -0.56631518997233
 115   118      -0.53621391016616
 118   118       0.98443661829046
 142   118       0.16696571842895
 119   119       0.96000000000000
 120   120       0.96000000000000
  97   121      -0.09072614607661
 121   121       0.95768995615829
 124   121      -0.28384769889615
 145   121      -0.58773619886895
 122   122       0.96000000000000
 123   123       0.96000000000000
 100   124       0.10725358922601
 121   124      -0.35615230110385
 124   124       1.27798122394320
 127   124      -0.24259344748404
 148   124      -0.79052661669492
 125   125       0.96000000000000
 126   126       0.96000000000000
 103   127       0.10626400000437
 124   127      -0.39740655251596
 127   127       1.28230853637460
 130   127      -0.22682480981800
 151   127      -0.75972410129580
 128   128       0.96000000000000
 129   129       0.96000000000000
 106   130      -0.00560266518660
 127   130      -0.41317519018200
 130   130       1.28449888518735
 133   130      -0.20947700445850
 154   130      -0.64724625498556
 131   131       0.96000000000000
 132   132       0.96000000000000
 109   133      -0.23856101655718
 130   133      -0.43052299554150
 133   133       1.28499900848430
 136   133      -0.15258601849125
 157   133      -0.45333096092577
 134   134       0.96000000000000
 135   135       0.96000000000000
 112   136      -0.62362066940623
 133   136      -0.48741398150875
 136   136       1.28133942390267
 139   136      -0.05188507082627
 160   136      -0.11574085435609
 137   137       0.96000000000000
 138   138       0.96000000000000
 115   139      -1.03284180436768
 136   139      -0.58811492917373
 139   139       1.26305127020305
 142   139      -0.08729973882912
 163   139       0.41130774257357
 140   140       0.96000000000000
 141   141       0.96000000000000
 118   142      -0.80696571842895
 139   142      -0.55270026117088
 142   142       1.00702032030971
 166   142       0.44668629990954
 143   143       0.96000000000000
 144   144       0.96000000000000
 121   145      -0.05226380113105
 145   145       0.95597233601450
 148   145      -0.25413612247969
 169   145      -0.65762774037476
 146   146       0.96000000000000
 147   147       0.96000000000000
 124   148       0.15052661669492
 145   148      -0.38586387752031
 148   148       1.26750338837424
 151   148      -0.30968594440509
 172   148      -0.74747340639529
 149   149       0.96000000000000
 150   150       0.96000000000000
 127   151       0.11972410129580
 148   151      -0.33031405559491
 151   151       1.28494491161939
 154   151      -0.44157403465969
 175   151      -0.62289109942182
 152   152       0.96000000000000
 153   153       0.96000000000000
 130   154       0.00724625498556
 151   154      -0.19842596534031
 154   154       1.28493742487613
 157   154      -0.57020271146970
 178   154      -0.51368015329942
 155   155       0.96000000000000
 156   156       0.96000000000000
 133   157      -0.18666903907423
 154   157      -0.06979728853030
 157   157       1.28557692895416
 160   157      -0.62234722150371
 181   157      -0.39560952193761
 158   158       0.96000000000000
 159   159       0.96000000000000
 136   160      -0.52425914564391
 157   160      -0.01765277849629
 160   160       1.28706552588776
 163   160      -0.52007021514958
 184   160      -0.21095233482245
 161   161       0.96000000000000
 162   162       0.96000000000000
 139   163      -1.05130774257357
 160   163      -0.11992978485042
 163   163       1.28776650552486
 166   163      -0.24910179090308
 187   163       0.14810582385193
 164   164       0.96000000000000
 165   165       0.96000000000000
 142   166      -1.08668629990954
 163   166      -0.39089820909692
 166   166       1.01064120852606
 167   167       0.96000000000000
 168   168       0.96000000000000
 145   169       0.01762774037476
 169   169       0.88729610848585
 172   169      -0.41033163188891
 170   170       0.96000000000000
 171   171       0.96000000000000
 148   172       0.10747340639529
 169   172      -0.22966836811109
 172   172       0.92296627227033
 175   172      -0.87483876601387
 173   173       0.96000000000000
 174   174       0.96000000000000
 151   175      -0.01710890057818
 172   175       0.23483876601387
 175   175       0.90010357263853
 178   175      -1.23762629279716
 176   176       0.96000000000000
 177   177       0.96000000000000
 154   178      -0.12631984670058
 175   178       0.59762629279716
 178   178       0.91903669261255
 181   178      -1.47226975348403
 179   179       0.96000000000000
 180   180       0.96000000000000
 157   181      -0.24439047806239
 178   181       0.83226975348403
 181   181       0.94649544171241
 184   181      -1.56138383370923
 182   182       0.96000000000000
 183   183       0.96000000000000
 160   184      -0.42904766517755
 181   184       0.92138383370923
 184   184       0.96092339437254
 187   184      -1.45141277415913
 185   185       0.96000000000000
 186   186       0.96000000000000
 163   187      -0.78810582385193
 184   187       0.81141277415913
 187   187       0.96883003477129
 188   188       0.96000000000000
 189   189       0.96000000000000
 190   190      16.00000000000000
 191   191       0.96000000000000
 192   192       0.96000000000000
